10
7 5
85804308 16294148 319628124 21871792 190274400 312337350 396959402
3 3
504218330 72147456 480793500
8 7
313362500 21948276 5464746 462893200 159486474 94761588 64821825 41936622
4 3
121504320 16334370 1882188 69876048
8 7
324512400 992385576 435622005 36803160 428722287 900592560 1222455920 249426045
10 10
101166330 1128932736 118452614 73835496 8026200 1026275040 180096442 50281920 757848600 103486500
10 10
477681840 26739160 39226622 501200544 159737760 656448750 21858228 196072520 292171484 31272750
10 10
6890742 1136037024 54096203 19638504 81646197 28246400 121801920 51072000 11769408 93067700
10 5
684472880 1388352 309514478 141481830 526024800 191687580 135622830 15352456 3310340 108265085
10 5
125007168 165796605 131974920 1497656108 233719065 10673424 169577040 98428878 186031755 31567140
