1
7739
8955 8153
7277 4636
1807 9235
7690 7803
7094 3438
3292 3487
6301 321
2505 5955
1634 1413
3947 7835
6774 4404
6863 2506
595 3728
7329 626
6127 759
6216 3134
2097 6901
9549 8685
5044 5578
3426 3679
9163 1310
4545 7301
8212 9283
5314 2212
4144 6202
2897 4682
1425 920
6063 6036
4484 714
1528 895
465 1974
3654 6862
7041 6004
2404 508
7472 1726
9765 466
2035 7235
9797 5258
1404 9250
1632 7285
1099 3894
1650 6587
6439 8668
4607 7505
2189 2733
1188 4800
7864 2104
2205 7075
7522 7983
2008 8720
4826 4821
2394 4827
5607 2486
6193 1352
8252 8520
3066 80
6748 2705
3748 6645
6256 9753
8213 7945
502 369
7211 4428
252 9716
9893 3429
5533 6749
9283 5363
3019 3625
9835 4932
799 798
4558 7461
8541 396
1290 8235
3595 7779
6417 306
5491 1286
5434 2660
1702 6671
1414 6988
2500 3922
4806 4315
6858 5910
6060 2059
2603 1905
5135 3219
9554 8996
3234 3354
6694 9799
3575 8127
7935 3957
4400 2600
7864 9228
4886 2921
4630 1614
4830 9272
1352 7147
633 4095
8304 1539
6154 5553
1537 6742
5246 2561
2072 1902
4247 1151
4544 9424
25 404
4321 7471
585 4752
2809 1777
3554 7042
6382 9334
3242 5960
962 2358
3892 1399
2167 8330
2599 4941
6885 1295
7184 8406
9579 1270
3299 5324
1330 9743
3576 1682
1096 7015
2611 2034
8859 8751
1252 3765
2308 896
577 6852
5655 3068
3937 6364
72 678
7642 9975
4192 3732
796 1097
9856 243
3616 8232
933 77
2764 4544
4861 8215
7336 7606
1961 7742
2326 6107
7091 9827
8285 4099
8866 1635
5718 9558
9131 5436
4443 9991
2570 3837
5997 3556
6178 4430
9333 7357
1873 288
3421 8616
3239 854
2527 2515
2697 2420
558 1356
5361 8279
1493 510
4200 5429
7021 1357
4711 854
3682 2212
4074 3635
3832 1901
2838 830
6570 2529
7309 787
5283 6720
7647 7181
6240 4627
4595 1467
8726 4463
1079 3636
7312 2941
2676 5129
8460 2569
1509 2107
2487 3448
2633 6765
2646 989
7927 1675
662 5933
578 5291
2614 8721
525 8066
4676 7996
4752 2411
740 2958
3692 7443
6536 1672
1644 264
717 6577
6940 9604
1666 3929
5118 1876
3615 9948
7787 7822
6163 408
2423 8066
5278 7683
7032 6848
6017 3495
8744 3322
578 4799
9209 8171
9172 2103
6936 2601
5607 1662
7749 6839
6780 703
4738 3694
9051 3873
2554 5358
8536 3916
9925 9455
8740 941
7193 9324
7664 4348
1250 2818
583 2219
1893 8453
9980 6449
3489 2756
2242 5912
632 846
7067 5940
413 7494
5795 2134
7854 1763
765 1231
5875 7578
1294 9033
8215 7152
3465 7202
1591 2826
7627 8954
4265 6152
4632 7583
3647 4658
5333 615
4380 1745
3752 5231
4630 1857
6285 4529
8636 1445
9514 5019
4938 3868
1301 6765
6635 7219
9253 8290
2030 8587
2486 1940
2636 7756
785 6266
7161 7242
9658 6867
505 2119
1740 5447
1125 3145
1330 667
2574 4045
664 1366
9186 3068
8258 3218
12 573
7306 3429
1168 3116
464 2384
4343 2217
2541 7303
2888 5524
1128 659
9849 9784
7917 2421
7204 9333
1803 3356
3900 5058
2077 4872
2562 3234
6187 7904
1395 7959
6354 4625
549 8277
5233 231
4978 5416
5989 1697
5395 600
184 560
433 2876
1157 497
344 637
1407 9676
5102 2444
2530 1867
1954 2967
4714 4606
7624 1512
7107 703
9124 942
3297 4162
6692 7392
897 7263
8355 1343
8400 8338
7916 3067
8474 5747
5436 3353
3909 2674
9691 6628
2783 9957
587 1410
4598 5846
9330 1368
3959 5606
4949 6832
3992 7127
7126 5113
1786 2472
5616 9936
4649 7265
7903 654
4406 8290
2006 9858
4215 4136
2203 6657
8349 7408
165 1019
8358 8414
5401 752
6052 1168
9025 9442
9487 5278
7711 8012
4086 2613
2897 9108
6171 2117
9797 2861
2704 3368
6990 304
7292 2884
967 1275
5650 370
5960 331
9652 2303
2983 3655
6212 1571
8688 5580
7548 6273
8136 6912
7983 3630
6094 7665
7502 870
1252 9374
5263 4107
9197 2617
940 943
2567 8923
7560 9044
6186 5656
4967 6241
3009 2693
6478 3352
9753 5367
6008 2038
1880 5101
7339 6587
209 9425
4315 5771
9252 1275
1501 8756
4842 9111
3023 1840
1842 2200
4470 2589
3702 6621
855 8764
210 7410
874 6471
4373 9466
8300 4934
680 7260
772 2132
8719 9820
2344 3341
734 6571
49 7914
3087 4337
2541 5073
193 6170
7683 1447
8770 3391
2236 6071
7568 9815
4336 2168
2108 1853
686 9897
64 532
5041 4336
5907 2056
7391 532
1962 8503
451 7303
6657 8928
8558 4408
7275 4522
489 6712
3526 2216
8558 4172
6323 3307
9320 642
5461 9817
7800 9527
6583 6221
7193 1320
1762 7119
854 1336
4687 1702
4235 4994
6762 1291
7434 5119
3769 6175
9855 137
284 7119
5941 9505
1508 6519
1962 6142
3272 8421
6032 696
5046 2560
2422 4628
919 4841
2503 5712
7222 2192
7681 2482
8178 1450
9433 8444
8610 4209
269 4754
3225 8205
2265 5551
6411 9474
2078 3573
7326 1577
5680 4547
1284 7476
3439 5388
9880 2828
6633 5126
3366 6765
5213 5312
4161 8901
9347 4359
7295 5865
4362 9787
6711 6120
1010 1758
3647 6356
9772 189
8511 8206
9871 2657
4922 3057
3868 2616
5325 7538
1444 7008
712 838
6008 9684
1534 7525
336 4346
808 8077
2288 4043
9742 2058
9561 6309
5784 3813
524 5598
3426 3307
6261 6410
3839 1087
9317 4911
1343 7666
6895 295
7876 3986
5688 4149
5601 6209
1161 8620
3924 248
5110 4220
422 523
1524 1662
1952 5422
103 7298
5008 7960
6409 4854
9708 279
4610 1530
1126 3525
4084 963
1729 1018
9094 2381
8003 9921
7876 1668
5212 7631
8645 3828
8102 2097
9949 6239
2300 1686
2419 671
6368 5486
9173 9613
9688 3504
1019 4082
8041 434
6938 2651
5703 8132
7515 8706
7788 8638
2139 1179
8727 3484
2387 2572
166 5142
9642 9969
5239 7269
8906 7918
8027 8051
1776 2743
7500 6099
6264 9292
2865 7025
2217 6041
5952 1226
4221 8733
4179 3951
1204 6345
9550 2454
2281 6972
5247 8562
3781 1516
5735 9300
1906 1895
2376 1138
5970 571
7888 4790
5586 3475
1013 778
9513 7779
5185 3124
8934 7030
1041 2460
5161 7862
9320 6117
4559 8667
5545 107
1140 8279
1476 3530
8517 7810
4752 768
7412 8162
1083 6004
9599 9134
2542 4182
8482 1554
7141 3576
588 2213
1341 9614
4160 5161
2398 5746
8062 4419
1739 9771
561 6396
9479 3711
6745 3223
6827 3511
9052 9316
3878 8626
9208 52
2148 3036
9917 8718
6578 2032
1801 6321
6528 3100
3955 9179
5239 9540
1916 1642
5310 1930
6483 9041
2248 2220
2120 9117
448 6478
9443 6569
1320 7402
6230 6206
4702 9221
9136 431
6512 9331
9939 8212
4385 4990
8665 6821
4252 2627
1699 4569
8985 3198
641 9823
3310 1128
1081 526
408 5629
7201 3960
9482 5075
1695 4388
9716 2391
5364 3820
984 6010
1588 4628
105 2365
6938 9261
2405 7064
1129 5320
1829 6273
1445 6622
9986 4971
9283 3136
5066 4701
9311 7035
2691 3013
1389 2046
1344 5516
9586 7519
7825 2300
1475 202
9056 2847
5790 875
3689 9066
9752 1135
313 7162
3526 6054
7851 6910
7136 4988
8495 7973
5587 7304
4604 585
9239 676
8375 7644
6688 6126
3125 5361
7384 9150
5709 143
7837 313
353 7313
9718 1605
1086 2418
956 6239
3506 2567
8727 2009
3870 5805
3143 7784
1597 245
6692 3501
9780 61
8856 5746
9529 6514
5243 3575
4712 8498
2991 7725
5668 4646
701 4212
2668 9136
9567 4032
111 1729
4592 9713
4544 9102
225 227
6605 2452
8878 2258
3628 1209
1104 1218
9639 6773
196 7935
891 8242
9532 6464
9467 832
1588 1554
5450 492
3559 2258
3545 6641
7251 4266
1277 2079
5147 656
5284 1819
2908 2107
3706 6232
6818 4424
8151 1317
2139 4572
5404 1942
8572 9691
4302 8103
9411 5816
8305 206
2733 8013
6248 8177
8440 1421
3932 3960
9052 2761
2620 9892
9574 560
2900 4656
6677 4906
2481 7783
1880 8183
2355 9318
1287 8227
9284 4548
1490 7069
3672 5311
6951 7129
8917 5208
3576 4818
5318 1122
5915 5572
4618 2374
8884 249
1506 1019
2496 9250
9371 2437
2211 5816
489 6795
7221 9939
1781 6253
6057 507
6936 7846
8910 4173
3272 2462
57 449
114 3876
8082 8554
9 202
5598 8925
1693 3168
3389 2774
5520 2310
7909 5175
421 2412
5983 1425
5722 3469
6096 9208
5352 4235
9674 5219
4824 2668
7268 2194
408 2454
5192 9907
6847 167
5388 6693
1341 5032
1299 2302
2486 4754
1892 3547
8480 4754
11 791
4987 601
5503 3070
6353 375
4836 2305
4574 4409
2737 3516
5698 3792
2485 2102
8676 9829
5910 1546
4665 5546
6538 7860
6246 7890
7369 8877
1794 2947
7347 9339
5551 1755
2926 2643
2011 6545
3890 1744
81 4270
1513 8536
7350 9211
801 6349
2833 9836
1268 1057
8826 5262
2250 3742
407 1229
8461 3157
1506 9433
1629 2646
6111 730
3461 8063
3501 8033
862 3048
9930 225
2322 958
6908 5038
1044 2590
446 6069
318 8997
87 9740
6107 8518
5761 3979
1270 4571
6793 9964
3795 7791
1922 2718
8652 2892
479 672
911 5537
5425 7180
8646 2374
557 914
9718 6738
5362 1335
7293 7645
7657 5085
2453 1186
5198 9509
5582 887
5310 8066
379 592
6497 2608
9260 7504
6170 6373
6492 1730
7197 9734
2108 9496
6353 2558
6159 1745
758 8138
9479 5472
9848 9016
2928 5019
1556 8114
5932 2225
9354 6117
9055 63
7140 2215
8027 165
9510 7592
5663 116
4135 6648
4619 1387
5295 698
2536 6531
2529 4839
5077 3303
7915 4262
9237 4792
9771 9786
3303 6592
7556 1500
6486 2261
3874 5819
1379 1489
8538 2866
9311 3455
8918 9145
3469 2232
256 2142
6615 8752
5900 565
8736 7082
4986 4093
8682 1251
4732 1446
5129 7117
7029 448
6008 4746
1587 6325
4954 7213
1471 8506
6692 8779
9715 9841
9001 8567
1515 2547
8997 7567
4350 5836
9855 2337
8830 631
6936 3874
655 6941
5289 9280
3989 6968
5485 5510
9585 9100
9146 3728
1165 1368
1590 6320
5717 8281
4167 352
1225 7040
347 873
6848 5333
8745 2484
7391 1004
9736 1950
2779 7047
5183 6449
2059 1148
1149 9585
2033 3672
2490 4244
7883 4388
8925 5046
5445 9240
4975 1595
1713 2365
6927 2534
1690 6199
3240 1594
484 3954
112 9663
9064 9468
1587 1576
6736 8084
4832 7970
8590 2034
8273 9855
993 3815
913 8196
138 6118
8345 9728
2716 3043
603 6222
9891 6970
2083 7788
5334 7699
5002 1005
6800 8837
4333 8268
6459 1721
2894 5938
9934 7569
6233 6778
2808 6440
906 4979
2061 2011
7645 8998
3074 6905
6069 6041
1795 1415
6001 9842
6573 4839
1405 5936
8760 9481
8629 2486
4309 6546
2831 1961
2233 589
857 6349
3048 6832
6784 8875
38 9712
995 1542
7338 5095
8087 366
468 4693
2172 4420
3472 2980
848 5919
1515 7121
4435 2542
2469 360
2203 1551
6520 6639
2009 2256
536 5637
7563 9332
8380 3404
195 152
6396 9302
4248 3542
5531 8892
9755 5002
9943 3044
4301 1155
5423 9939
927 1868
8836 8737
4170 3420
8242 9885
2609 3307
4273 9585
2323 4534
5192 5272
9029 4436
1313 4524
3280 1417
7635 3028
8822 2955
7307 9262
1723 580
3564 3050
962 1784
7642 3336
4725 7783
7713 4193
953 6197
667 412
209 4168
9601 586
2194 9121
561 9076
1207 1343
5682 1350
9733 304
4292 9179
6978 1866
8347 5723
2146 8729
6062 6354
2690 9130
7962 3123
2857 9975
5229 8701
1499 2195
8992 2620
4672 6825
20 9043
6884 2176
9600 3961
8225 3122
4265 8114
8458 9725
7668 6928
8536 5961
5912 6073
9723 5147
3048 4394
585 6041
9183 44
1003 3007
4540 8806
2360 5282
1904 6595
7537 435
342 3430
7552 902
5235 235
5691 9300
3214 2560
7869 2926
3649 5780
310 5027
3584 2654
81 3683
90 6113
7431 5268
1214 734
7603 4581
4144 4443
4918 754
2652 2019
7419 2727
9849 4718
5501 8
4930 5443
2631 5889
369 7611
7309 2233
5677 2247
4810 7309
8454 4661
1257 1914
3934 2462
7495 2698
9306 1380
7449 2659
9529 3386
3978 2796
3700 6820
3080 1
9319 5330
6224 6233
7343 1478
8102 663
1989 1678
6378 6446
9418 5678
6855 6312
2483 9438
46 4424
9062 1204
2547 9951
4997 3651
5366 5964
8716 7876
6452 8935
2838 8900
2335 464
4948 3374
3979 4019
5136 1914
3914 207
7231 3543
5899 8872
3829 9572
3551 7977
798 3797
1532 7933
4106 3092
629 3904
2536 1463
937 9666
6806 6993
27 5740
6504 7067
755 1974
2599 8083
7459 5592
4620 2101
2892 5968
9805 2170
1681 3923
999 5119
8556 647
2926 1687
6337 6176
9136 3
2992 4857
5264 5681
5886 6038
9970 2403
5382 168
4578 6706
9035 7489
7882 9586
706 5481
2195 1767
94 5183
3564 6137
2300 867
1321 804
2736 7460
8205 2002
9135 374
508 2429
2943 3222
5178 7008
2108 5745
5064 2302
9884 370
6256 9237
2277 4026
2111 1524
1965 9797
2562 3899
2578 107
4644 7041
2060 4788
5767 8204
8720 815
4161 1628
7910 4276
9369 4585
8013 121
3538 5247
461 6594
6391 4839
6141 9725
615 9832
8614 3693
8404 8765
4808 4148
4806 8392
4684 5847
789 5431
3929 2285
3335 7367
2251 1304
9959 2151
1313 7911
8807 6686
4901 3643
1271 6255
8130 3896
870 3707
577 5150
4440 8872
1700 4745
9208 2545
4039 7910
4112 9357
8084 5160
6168 7893
1110 5993
6235 4496
4752 772
5168 850
2094 8579
2359 9429
5212 436
1522 5397
374 7570
4198 8435
8800 5153
1810 1346
4471 601
3984 7894
3495 247
1817 3918
1615 3457
2126 9727
9442 792
7940 7203
1839 9123
224 2545
4419 8137
2243 8543
2509 6703
4775 2214
19 1827
2059 1877
4003 6968
8828 7800
1916 8164
3237 4778
110 5622
4503 2025
2095 4331
6236 2137
8688 5346
73 2636
5615 2831
6499 6480
9630 6190
1747 8281
4868 3801
3196 7073
947 4107
3404 3613
4090 9957
4402 7810
3851 5072
6575 3352
6719 2021
7424 8973
6409 9674
4523 7277
4265 4622
6007 9473
1906 2023
9793 5253
4621 5001
9484 5103
1759 2537
8185 5948
7433 947
2008 8973
383 3977
1726 8979
2923 461
2663 2422
9682 5185
3597 7356
8663 4045
745 4712
415 849
8234 7825
7221 1932
8980 8294
2111 5132
2747 3198
1121 7958
7616 1156
2624 2392
6283 7490
8681 9453
1370 5197
7939 4545
4728 4306
7170 5909
17 9088
3758 598
6565 5702
7908 1529
2460 8670
5195 4346
6841 2602
2698 1013
9970 5245
1015 5492
142 782
6499 8603
3984 5865
9828 5536
4451 2870
6515 6526
8615 3646
1448 924
8923 203
1986 7770
27 9647
5115 3292
4860 9176
8076 9946
4373 5218
2445 8038
6145 5758
15 719
1970 5458
7677 1062
5016 8336
720 8176
9586 3596
4979 2764
4084 2120
3127 7829
7273 9874
2424 7433
3067 8480
7695 5019
2690 283
3016 8214
1769 938
2935 5651
583 7472
3031 1917
5004 2073
7715 1875
2538 2145
2297 478
8231 9397
603 387
3584 9390
2424 7355
671 9387
363 769
9504 6574
2514 1020
1905 2619
4561 910
3336 1260
2184 1243
5945 3224
7187 5678
2568 5589
560 5241
2188 2219
982 5628
9365 7931
1332 1528
8752 6848
7720 7700
3192 4389
5474 9343
8846 408
4263 6583
4764 1405
9578 1770
1239 4245
9960 8075
1332 8224
8914 8887
6956 4081
9201 5240
3283 9394
5653 2473
5797 824
7006 588
3153 3719
111 1193
1227 1689
4240 423
429 9419
7171 2416
4461 3673
4153 4592
8741 5739
7414 8366
2639 1792
7490 4110
7791 138
7265 1670
4934 2890
2758 176
9812 1485
6627 6928
6158 2694
7828 2758
9680 975
605 3382
8292 5051
9024 3958
2964 6286
868 7447
9516 8238
9218 4168
6372 7915
5570 7415
3932 9630
646 1481
4617 8766
1669 7565
9855 7432
2891 1580
4591 8672
7502 1059
5588 8003
1124 1940
8728 9407
532 6090
2508 1317
5050 540
760 174
3647 356
735 940
3639 2720
39 9106
8333 8168
3175 3223
2893 4689
2098 4806
6400 1425
6612 8233
2605 276
9018 4344
4109 1071
1175 5005
4016 2627
3715 6826
3791 1796
7926 29
306 6379
9575 210
1699 9992
7150 3465
2434 316
3552 8602
6122 2806
6268 6454
8451 6668
5073 7264
1289 1517
8019 6588
5214 8565
4558 3639
7516 5392
9962 3416
4814 6450
7744 3940
6063 1111
7451 3800
5106 966
5170 3443
867 4187
4101 9457
9246 3093
1926 4032
8208 2749
1883 1132
3338 2457
5329 1614
5549 7152
1475 5397
8626 127
7323 7395
9401 251
4391 4251
1173 647
5888 5177
5125 1368
7063 7347
2870 3031
8401 4670
216 4136
1781 5317
382 2681
4627 8677
5066 972
1736 9116
4344 1640
7647 6292
1673 2957
5690 7082
8195 9335
1201 1044
1527 6341
6745 8003
1108 3162
6041 8901
9114 164
4138 5293
2241 6347
2077 9687
5227 3100
4657 2726
4631 5654
3541 8817
9287 8197
3706 3406
9332 1278
2093 749
225 2378
2148 8153
270 7206
5719 7834
8686 8745
17 6062
2107 2072
5558 889
8872 7671
4327 459
2214 6641
852 7313
635 1754
8210 2110
7809 3923
573 8155
2283 6174
6912 6765
2269 2082
6562 5047
9164 4609
7891 8703
3236 8904
1207 3765
825 8407
6706 2625
959 2273
4757 3820
7790 70
3608 8163
2448 1759
7977 4055
3517 6778
2083 7192
1850 6215
3187 1043
7229 7602
5335 9305
20 8467
7256 1186
9590 2450
5161 4546
9257 1726
7616 75
7574 1935
8949 1539
443 9706
5592 6168
655 1126
584 5025
2123 2301
9537 6022
1543 2693
8406 7267
4147 5584
9120 8489
1191 8225
7701 4853
3868 5679
6652 3669
4957 1262
3456 6600
744 2492
1267 1910
714 202
8277 1936
6266 6236
7813 8809
7220 5507
3959 8069
5673 1048
1543 2400
9796 3115
9741 8259
7152 782
9042 5730
5193 4315
994 7177
6209 813
6641 5625
3316 6718
131 5678
4749 8188
5703 691
5818 1249
99 7735
1950 2691
7526 2113
7094 1322
1338 18
1534 7953
8521 475
4452 5246
7298 8719
9756 1333
6075 5818
1142 1897
1289 6242
4718 7060
222 2652
3651 4714
8498 2834
1466 7081
1093 8212
2915 9396
9956 5932
2268 1313
7082 4583
884 3326
5513 1681
7139 2219
3257 7920
5017 7620
1536 5236
2308 7726
3874 2605
710 6884
3771 6013
5 1218
59 6511
7380 4546
466 7881
7443 2021
3276 4430
6323 7413
1726 5367
6941 3144
7362 2595
3283 6423
8063 2044
327 9328
189 7085
6202 2793
2407 4928
6184 7446
497 1452
1522 9100
9612 2752
3515 4439
1144 3321
7352 9785
8362 4090
578 5284
8590 3596
2430 7658
2703 9363
6110 6979
9252 7860
5785 895
1069 6084
9753 236
6735 7171
2820 2202
1547 6281
7005 7197
2982 5951
1467 6771
8021 1009
602 5783
3703 8210
6464 5797
9159 3200
2595 2831
1106 6394
7098 6463
1062 3760
7761 2173
2428 266
6273 9188
5063 4748
7263 7664
413 9480
6452 5355
7942 9828
1325 520
4946 6813
3075 5967
1312 7340
8317 9467
653 8
4229 8192
2793 1085
7321 7969
1184 1499
5027 6673
1895 4978
9243 1944
550 5228
2699 408
5541 2027
8195 9649
5594 7782
9166 114
3218 1646
1876 976
2749 6789
482 8828
5151 6193
9447 2144
3172 3021
9745 7466
116 9874
7959 4877
1528 6980
3656 6388
108 5167
6724 9288
2709 5348
8089 3604
8036 2062
241 1255
8811 3450
8377 4537
3360 534
9685 722
5120 2217
2002 3959
742 7348
4029 5574
5276 7143
3683 101
8336 119
8024 4294
1611 4511
7947 8622
6335 4004
4906 6326
5743 3630
4114 3840
2819 4403
9178 158
3707 630
5360 896
9428 6928
3668 3581
1977 6126
6356 1780
8796 5532
3271 3795
8645 3359
526 5239
6090 41
4040 325
9776 665
1413 7609
800 337
1901 3949
4942 3964
2594 6445
934 383
3155 1016
2840 192
1699 8473
2998 8900
4778 5655
6715 749
4057 8649
2686 2212
4803 2286
9862 7587
4906 1836
7521 6951
2968 7095
3088 3156
2928 2821
5733 8329
4372 7664
96 837
4488 2348
1558 2729
9383 3705
1444 1392
1524 9162
610 4174
1028 8279
8747 8821
8442 401
2299 1709
9250 5028
666 4996
7570 2898
3401 4692
9262 349
2538 3717
3180 8996
805 2835
2295 3282
5016 2465
6823 9444
7295 125
8305 3114
5733 1254
5083 2303
1865 4316
5987 220
1220 4279
1408 4666
3689 8410
8137 1863
6142 1417
2677 8058
7867 6649
8787 1226
7873 839
8603 45
2044 9275
6132 333
76 5934
9879 3359
353 554
4019 3878
7621 7186
8547 8470
990 7266
8605 9269
4515 3448
5405 7063
1119 8306
9729 345
1476 2010
9190 3869
7107 9680
8531 4984
3129 838
1556 2809
9307 2290
7018 3180
5461 9599
2305 9773
7103 9589
9410 64
1218 1786
9162 1424
5274 9097
1595 7719
1084 9474
5665 8942
1065 2706
7896 853
8963 3637
8060 2245
2144 6393
1488 2340
1357 8789
755 9161
2933 1481
6592 4320
3602 7032
2038 8912
5219 9779
3688 6395
7439 5352
6020 8406
2680 4731
9449 459
5443 6163
9317 2843
5224 8585
1229 8775
2949 7260
114 2336
2328 665
1792 2541
44 2249
3031 2414
483 2730
2607 3695
613 4227
3000 7759
8120 3746
1248 5057
1457 2713
1705 6434
1242 9593
3946 8637
7204 1677
8580 123
3775 4330
2248 6735
9943 4661
5895 9937
5233 8102
3322 137
631 2075
3027 383
8192 2752
4180 176
9684 3438
5279 9971
3070 1761
7405 2349
1043 95
6339 2930
3170 6822
2497 413
6492 3956
2525 9074
3814 6589
9168 7746
6845 105
4511 7551
1113 8060
4733 4544
8293 2026
4846 2759
3758 9674
6671 1840
7945 1338
21 4589
5514 9188
5444 3057
5603 1215
7873 841
9674 7737
5241 5586
9630 916
9539 4582
4203 9294
9459 1161
9243 5254
1664 3683
8224 9531
5177 9471
9647 7319
9940 8516
8751 6860
6823 8417
5283 9982
9499 8606
9204 8865
7773 384
4851 6804
4950 222
493 2159
3278 4530
8287 2360
8972 7826
3260 9772
4721 7408
1677 2413
3927 478
5464 3047
7972 8982
6261 5191
8019 2553
7901 5070
8596 8678
2163 4226
4034 5565
4887 7365
1174 2357
3897 2283
8154 4315
1371 454
8865 1019
586 692
725 6900
110 8732
4753 3208
288 4244
9425 6289
6972 3062
6838 2970
2247 9333
3758 6828
4162 1707
8195 6616
3872 8116
882 2933
4164 6640
5072 7178
1183 3156
1064 3790
89 6515
9704 3822
5677 8700
9997 5775
1194 4564
7227 1733
9574 2437
3074 2579
8038 2518
525 8020
4268 9885
6972 5817
657 9474
869 4259
9299 2198
2119 5044
1904 1237
7119 9521
8995 4279
4159 2091
1054 4605
7323 479
1337 9082
2917 2042
8106 448
1644 8784
2166 4541
6529 223
4503 645
3850 6608
1791 5442
3050 6910
2235 6584
2432 3274
5067 4702
3855 5901
1681 7067
3055 7919
6824 3437
7905 1257
599 2224
3401 7094
134 1500
5031 1295
9536 7920
7206 2839
2074 1902
6697 3523
9635 6791
8370 4015
2508 6776
1941 1293
7306 5301
7645 7039
5274 9365
1869 4151
1924 9582
4938 2636
2835 8803
5479 3760
8692 6843
2497 7537
9053 7524
7884 8605
5600 6631
6029 9417
8192 8078
3258 9170
5106 9811
9918 6789
5256 427
7858 2541
362 339
3768 3836
4886 6953
7322 7468
7850 3502
5811 4021
9887 7947
5115 6530
7961 6962
6569 1423
5548 2038
1860 1094
6897 7806
1531 7626
825 1574
5366 7827
4369 86
236 620
230 6150
6454 153
4763 66
4372 2653
1065 8507
4414 4027
263 6415
9518 5179
730 4554
1020 975
6366 3645
9738 1510
2598 2990
8642 9297
4272 8799
7516 4421
5532 5219
756 4672
4591 2014
2700 4223
9027 8701
2718 7407
5153 6935
1700 2867
1986 8450
4923 2310
146 1160
4629 6369
6678 6251
78 1359
7808 391
1618 9870
6784 8215
9021 3465
9901 2603
3683 6564
2308 2184
3409 6408
5456 3776
8307 2640
4747 6244
5272 2018
1204 5800
6355 1634
194 2630
9587 772
120 8693
1381 5873
5465 3354
7560 6859
2365 1168
3041 708
4933 2309
7392 348
5868 2741
4595 1386
9310 1850
7450 9373
989 788
667 1011
4066 7558
759 9417
993 9777
8476 2836
6848 8549
6364 3072
6601 7589
6558 1959
1949 4890
6484 3668
1260 8475
1421 4728
3155 1644
8827 3229
7285 9892
1687 5866
3005 6163
9172 7062
4850 260
2945 7136
4460 335
4643 9902
4630 2290
5619 7124
9429 4369
4483 5928
5608 5100
9703 2564
5857 3392
450 332
2515 192
5294 144
4443 502
4080 3059
3524 5604
2123 3885
2854 3248
820 270
4814 1776
4438 3445
4468 7650
1639 1808
1369 1119
5962 3524
5248 96
2583 5312
4815 7617
4040 989
2373 9558
6725 4648
3486 1820
1714 2467
373 5985
9767 4984
3993 326
2832 7968
5187 5795
4646 8340
1799 44
5087 2209
4649 6147
241 2385
1426 334
7773 4280
1811 2011
7561 4188
1385 2689
7486 5465
6386 8633
5572 9972
2575 8300
3450 3710
730 2334
7722 3211
5865 1468
6492 4723
3940 98
2122 3657
4228 5360
3637 171
3260 7934
726 9161
5741 8077
807 5273
8516 3744
4307 7977
6679 3835
6234 2423
1264 9418
3226 926
9944 2758
731 5906
1256 8500
601 3582
2508 254
5448 2012
9321 9861
5107 3861
2481 8391
5877 4713
5412 798
5724 5169
1529 3914
5034 4594
750 4432
5502 6645
6748 7362
5651 4870
8526 6529
5575 4506
8499 352
8782 2964
2546 4491
504 1545
9406 120
6960 8114
6746 6204
8791 66
5294 529
8225 4985
5867 8919
878 5112
1932 2041
4699 6694
5933 6289
618 1123
8000 7070
351 6619
9278 8213
4237 6748
7259 7526
6689 1308
5981 529
1692 6309
5246 1753
2551 1554
2624 1351
6594 4495
8560 1330
6925 5195
7454 9581
5755 3249
9756 7905
4164 8072
9653 1581
1770 7432
8657 8187
526 1630
4838 6806
1827 7122
6064 8969
7587 9302
8052 4360
7410 7009
1569 5845
4208 2925
2553 7900
2994 3054
2687 8128
2595 3925
2064 4842
8855 1139
3623 223
4000 2386
6060 2225
5813 9152
2605 1337
5743 6429
1904 5811
8998 5528
535 3978
8492 9476
4485 6902
3560 3361
9280 787
853 9512
8695 5173
9388 535
4054 7832
1008 8382
6184 908
6712 3097
1596 6865
9490 5407
491 2191
9014 5274
5209 202
89 7640
298 9172
5123 3809
503 547
1443 1674
7217 6676
9249 8938
4789 5760
2740 3163
7233 3903
4037 5843
4406 5802
9668 4675
1150 2453
1562 2128
2752 9532
6607 8944
8065 1453
1804 7463
9197 9847
771 5987
4631 7618
3534 6484
9773 9295
8758 1777
7792 9184
2053 8327
5347 11
9949 4179
5009 9708
2730 6017
9427 297
6790 6421
1346 8489
9708 6971
74 8903
9775 6763
656 8724
6555 1199
3126 7035
8684 2471
4701 7193
5934 4909
5066 1901
6837 5365
5915 9532
5055 3063
1675 4136
6678 7376
4724 881
1386 7333
5253 6780
7758 7049
1573 4884
9073 8993
3607 894
512 6071
5823 6994
8378 2300
9923 8886
6901 5650
7045 6125
287 3432
576 465
5143 2310
2112 8924
1373 1436
7031 3085
4087 1399
9150 7913
1062 5364
7385 560
9529 1063
7278 113
224 4030
5383 1
2307 6721
7062 6152
1091 717
4617 2012
2193 6002
2910 5378
5119 58
2344 738
3732 5867
1714 6555
8948 926
5267 7335
6622 208
4515 5008
7064 9817
4318 2051
3592 3468
5655 5972
3188 8094
9694 354
2365 9195
2005 4396
2823 789
9999 7668
7260 9710
8618 2019
3905 6952
9934 4765
1049 5002
2934 7062
937 8966
7007 2390
8589 7817
9071 6105
7673 3859
3576 9306
1329 1368
6381 9825
3900 4646
6212 650
2535 1991
1933 1368
8023 1529
9778 5241
9361 1213
7263 8588
5869 3133
8371 1681
728 7665
6279 1232
393 1428
1439 1532
9287 9042
5743 2441
1448 2229
7376 9772
5789 9440
3059 2434
8140 635
6758 6164
942 5040
484 6057
9563 1862
737 6668
3506 6876
5575 5728
6414 4872
5866 241
341 1937
3587 2716
7778 6489
1755 2898
6086 8591
1654 8906
2010 8132
1314 3781
6312 2493
6608 8405
8939 2584
8306 1872
1556 6354
7974 3665
4479 2312
4082 9184
357 8509
4432 9747
7186 1036
2252 3973
5322 1950
1164 9702
2136 7469
223 7652
519 2778
7897 1496
2901 6780
8222 7892
6805 2971
3820 6043
2547 2524
7951 5425
1869 1485
3823 629
416 9060
4716 4716
5457 7987
7757 7905
238 9982
3205 9577
6980 3840
407 9819
4033 9355
6732 336
4012 2334
8947 5255
3332 6636
9512 2109
6407 5099
5559 6619
7429 4410
1330 2928
9587 2215
9698 752
8948 9359
9083 5741
9173 663
1220 8629
9671 331
261 892
3539 1557
7440 8924
3225 6432
9909 4619
2170 4013
1 7596
4631 7750
9991 4183
8105 3345
5203 5181
8418 7176
9626 7335
1715 1430
8437 6271
5296 2084
7104 97
4113 6486
2718 3299
2298 3279
5999 2723
4654 9932
229 4208
7647 399
4931 2907
4233 4363
1815 7823
9712 7360
2937 6095
982 3063
1188 1855
6674 6576
8502 727
6222 4473
3683 2627
911 899
974 1197
2187 3296
1418 2959
1317 8799
3325 1300
2332 4219
2566 2239
8646 8960
5601 5374
7255 9520
6857 352
7718 9189
4798 1636
7026 8840
263 4244
4800 898
8201 8130
3161 512
8696 2818
6930 6204
6990 2104
8523 6138
4282 611
1948 6144
538 7995
8108 7962
3852 9191
9861 7661
6513 7762
5445 7178
6179 6254
9990 2773
5689 2153
2640 5030
984 2448
524 2063
9613 6913
60 6544
7576 5893
6634 5432
843 1166
6719 7053
9908 5502
8213 9310
6038 6280
1535 278
639 5386
647 5603
1621 5211
1912 3496
6530 9137
6285 2640
5058 9559
9801 8901
5787 6893
2329 4000
4253 4336
9095 4193
9945 5036
1568 9344
5942 5983
2648 8741
9410 831
8460 6358
6054 5327
8937 4063
3533 5406
3147 9319
4599 5488
7897 9872
1577 4882
1711 5839
5911 5800
6843 8285
980 1545
9004 861
665 6205
40 3599
6517 5941
3262 1588
6452 8301
6203 3619
3986 702
2032 1372
1378 5158
99 394
3098 8060
8373 2830
65 1630
1637 6970
5517 7405
7747 9307
4822 4060
6727 156
9775 8229
5171 8502
2150 3245
102 556
6441 5865
4771 422
3179 641
4993 7372
2295 8787
5124 7509
9445 6747
7980 9392
9851 7457
9772 2484
4902 2740
4094 9683
9721 438
5221 6660
2660 9816
6019 2001
4937 1432
5180 3214
7963 3479
9530 9212
9368 1888
3986 6460
3113 8310
1512 663
8535 701
7967 6078
7568 5979
6355 4958
8986 6704
3658 742
7671 3749
8776 6588
4538 401
6290 1612
1098 6834
5190 8594
8308 6346
3433 9691
7541 2327
2401 167
9912 295
2740 5362
1357 827
6095 3027
5691 8092
9948 7780
439 1324
2190 8915
4101 1631
4815 5368
7055 4409
4589 8632
1364 8073
3920 6793
6610 5350
6415 3256
7815 7401
5411 9031
4980 7644
427 6907
6212 8129
2 5461
2699 9366
1214 7855
738 4743
4986 1049
482 7685
3175 6708
7343 9909
5118 5248
8840 12
4922 4017
5403 1802
2052 2599
6254 4564
4830 2814
716 8967
4483 8290
5292 8010
6398 8247
2584 7987
1947 3113
6205 6988
3692 4480
7774 1623
7613 4886
2926 3952
2122 811
1325 7443
5183 2232
8707 3037
7615 9539
3163 7991
4969 8659
6466 7936
5592 3669
1568 6538
7290 9438
2613 425
7252 6802
744 9911
9508 660
9436 891
7815 734
5253 3498
1004 915
2202 3359
2696 6308
3002 6744
7787 9616
1876 5905
5011 1967
7873 5269
128 6417
9349 9409
7799 7266
2598 3931
9819 2641
812 7859
9097 4082
7882 6074
7699 5056
9547 832
6816 3847
6241 930
177 8257
9050 9220
8167 9727
2708 8746
3251 2170
9619 5902
4878 6506
3472 4237
2314 3255
7972 9666
1432 958
3701 9896
5436 647
5424 1306
4014 4389
4376 1485
6899 2333
5693 2961
9707 9499
1073 2931
5900 3329
9575 7943
5327 1121
1757 8308
4441 8348
5404 9968
349 1900
5453 4926
5295 8800
1918 2244
9468 8902
2693 5202
3625 7486
4149 1056
1577 8107
6223 3480
6531 5485
7242 1348
4355 910
9638 3321
5632 7818
7773 196
2510 7250
4139 5283
5877 5746
5760 3351
5649 7089
4739 6872
779 6170
1401 7978
1320 5577
2438 5743
2817 8279
8052 5246
3 8250
4786 6146
1767 9447
7150 2326
6341 5017
86 4783
6692 5606
1084 3178
6165 160
616 2680
6929 1498
4610 8742
2080 8971
5024 9234
4412 2008
7612 4844
373 3181
1434 5049
5174 8907
3016 4414
1400 249
6343 1403
6470 2084
9434 821
1920 8057
8685 5736
3700 6165
39 6141
7065 1323
306 393
1886 2085
635 3126
4707 2782
2069 7990
2934 4224
3955 7829
2849 9498
2518 7278
5921 4004
6995 3152
9418 9461
2793 8851
8090 6293
4129 7350
5084 7167
8407 5354
557 745
2008 6389
6772 103
2972 9856
3037 5772
1494 8945
375 2515
3706 2544
4975 846
1823 5892
5228 1788
6116 1758
1852 2048
728 9017
7775 9776
2164 7183
4963 6411
8492 4240
8703 2462
5911 5231
8229 4585
1802 221
4801 3325
8795 3194
4471 1673
2149 2536
4284 9494
88 1123
8723 7023
8323 6638
9611 8389
9284 3104
551 4322
9790 9599
2702 381
9213 91
4932 1277
150 2958
7017 7457
467 7683
2768 7902
6381 9893
1587 7467
1626 5001
581 4394
7274 6254
7896 6520
1885 35
4752 4839
1943 394
2104 8649
9462 8413
1556 4353
291 702
742 868
9655 1395
9140 1606
6497 849
506 4866
9749 2216
4060 2457
8118 7216
8303 9183
6951 9058
9752 6210
9471 6170
4773 797
1499 7260
2955 1900
9545 3076
8064 2097
2786 6642
7610 4438
2950 534
8935 2356
655 1913
7774 7396
8799 2188
1030 4595
4187 6484
8646 1803
461 1478
6941 9088
9492 8928
435 5432
8175 249
8367 7343
1146 2665
8650 8713
8071 8460
5908 1033
2640 4002
1253 4978
9132 1611
7415 5244
7089 4482
3746 4570
5946 9719
4904 7289
7560 5409
51 507
1085 1236
6635 9845
439 8399
6412 6326
3290 6377
3287 4569
9489 2558
6008 8860
3574 9236
8856 2354
176 451
9348 5350
8829 9300
558 5137
9152 88
8770 6110
7820 61
3452 1580
8466 1405
9800 4292
5751 4887
3002 7068
8778 274
2767 586
2293 4895
2355 8653
1761 8719
3428 104
4959 7477
1399 6640
5972 6045
8314 809
5332 1292
2234 492
1283 7242
1398 4748
4471 5134
9811 6905
3570 7848
8706 8516
9024 8965
4975 2836
107 7774
8714 2680
6519 9282
4987 4542
747 518
6850 1060
5212 1114
3693 1565
5969 2862
8542 486
5874 6036
6844 1193
9026 7367
2985 4434
447 9597
2147 5104
8343 265
1615 974
8638 292
1715 7555
7229 5981
6226 5671
6461 7950
2446 215
628 4913
9481 5578
5487 2595
7292 3012
7489 616
8444 6939
651 3791
6601 4393
2317 4071
4985 1842
1083 4930
341 8662
7427 3529
3042 1337
5486 1840
7635 1665
8854 4204
7213 3055
7319 3122
9947 2482
632 6306
9907 2521
60 6323
6664 3911
1668 1232
9201 3419
8263 5396
6922 9585
7141 6723
3114 1571
7800 2297
6773 8804
3565 8470
8419 2767
8945 9242
897 155
1151 77
8646 5554
345 5282
9032 7298
7061 5181
16 7267
9226 7203
5883 5242
3194 513
3170 8845
1859 5984
205 1560
5937 7911
1764 2448
886 4818
7366 3622
7229 8961
5149 9999
3979 2068
7697 8001
7415 7349
3468 7296
3195 6406
1710 3130
6203 5085
4691 4143
758 1805
8338 4133
2635 6888
9590 9419
5534 866
6642 1981
3610 7991
9120 7703
9145 5855
2251 2669
2674 5025
9279 2539
1267 2373
1725 8408
9504 2015
5603 1873
9466 1977
9947 1155
2418 1152
8995 1656
8224 7874
8845 1990
6064 3590
6712 5636
5900 7437
7886 2222
9344 727
3615 1611
1945 5017
4383 510
2991 2574
283 4330
5894 4795
1106 1529
1231 7223
753 9487
3396 5179
9695 2986
5844 6342
6059 348
8940 9845
7091 780
9415 8369
4630 9322
1142 329
9899 370
7587 9426
628 627
4290 9099
9022 129
9882 1942
7626 5591
2899 2660
7744 272
769 9296
6210 9048
5904 2191
3488 6735
5903 7094
6923 1758
9409 7613
9627 4893
5234 3235
1140 7764
7384 1506
966 8865
9130 5684
6053 3305
5989 3509
1609 2354
4140 2427
6502 1296
768 6900
7998 9983
5617 4671
4309 5665
1939 8414
7750 5255
6133 3290
9381 7861
1470 4711
1508 2850
3528 4681
7226 2781
6561 8695
5504 7542
5824 7103
1646 1772
453 9707
9910 6387
3620 1331
7054 8441
1332 5891
1284 8600
1507 8573
3821 926
3020 7490
9119 1467
4187 4862
3248 7595
5920 8033
2015 7350
1171 9925
6641 7508
3751 1356
5806 548
8770 1466
7405 1534
7595 3748
7309 3576
1909 7767
4918 1014
1451 859
9567 7302
4940 1849
3745 907
7242 9115
8252 2024
4861 8884
4633 3423
2397 1440
3407 4106
944 9165
4058 9818
2609 6233
1273 4798
2306 941
6807 1143
2515 219
4220 9977
6179 965
6484 5460
6646 2846
9697 8852
1527 1668
6285 6790
1696 2862
7730 6365
2744 2674
2157 4979
5661 907
8688 1155
8067 7865
8376 1143
2139 3209
4510 2317
9319 3383
6753 192
2124 673
7428 5556
7897 2894
3172 2769
2664 6302
9390 9204
1634 9939
1598 9363
6216 3105
666 3039
8975 770
2192 3199
891 3550
7469 1418
1264 1049
753 3621
3541 124
2591 6894
650 1337
8856 8872
3723 5753
1834 4937
5030 8600
421 7664
5609 9780
1151 1274
4143 3281
7273 7383
9517 8273
8498 3112
5479 4530
2202 3852
6473 9272
9161 828
3027 8237
8880 7731
9636 8518
4112 7378
4138 4920
6955 2467
9817 122
4152 6492
939 5949
154 1654
7863 2186
4755 4735
6452 4090
197 9645
2831 3964
6714 2356
2059 8994
6932 1561
8105 2445
5335 4616
3961 395
438 3171
4992 2173
4811 2524
3290 9022
8283 3557
3185 6177
73 6822
1390 6922
9658 2111
7472 8896
7657 2447
267 5937
6988 8772
4243 1463
2983 707
7753 3449
9327 5370
9157 1749
2801 7476
7844 6908
8324 8525
5684 4447
2813 4182
2366 9913
5346 252
4355 6541
7232 8036
6731 1089
3936 1818
2265 4506
1832 8442
9795 3899
1295 5934
512 7976
8931 2650
5043 9248
6158 1572
4663 1739
6933 3127
8635 1343
5075 5418
385 2681
6278 333
3250 7867
4649 3812
6564 9361
2258 2119
5390 4024
460 696
6362 8832
1303 6391
1884 1537
9647 1138
6835 573
1995 5937
8782 1957
4807 1314
4337 9183
2931 2048
952 4917
2445 217
1707 4353
237 7536
3634 264
8464 6768
9723 1765
6391 3010
5322 1736
7568 2481
3552 2318
7621 9164
9647 9426
8020 9532
2396 2916
6464 1862
9222 2281
7093 1619
5831 8356
4577 3694
9113 5988
2321 4686
2714 8605
730 8325
1635 267
6217 8744
3573 8885
1805 9791
9093 5582
1876 4015
8154 6834
6211 7191
2932 6927
346 952
8319 3553
6918 9401
201 7027
6569 7337
2096 6194
3687 4118
8127 3412
35 8190
5835 2730
7066 7380
6009 9186
7213 6597
4306 7200
4341 9723
9049 8285
3170 1809
2125 2672
1733 1129
9066 7837
9423 9963
7573 4683
3000 3678
7591 5451
980 1436
8377 6853
9828 9153
306 1461
2393 1460
6493 822
8622 4345
1726 9949
2983 4598
3142 4522
6324 5157
3365 875
1082 8458
5184 7537
6468 1797
9379 2054
7462 9754
6648 335
3810 9375
2921 5023
9455 5141
4994 5053
6887 2987
9979 6903
6415 3151
1908 5686
3596 966
4546 1684
8196 5535
9449 1531
1955 4771
1098 5823
1567 1231
3504 2799
5566 1045
8581 4953
9655 7600
4730 6092
2566 3543
7 2129
6548 8116
831 8828
9286 2309
7848 9344
3860 7330
5689 1217
8461 9328
8613 9054
7369 1845
9208 7182
15 5901
4735 4954
3465 2845
8028 2379
1925 2646
2874 5
5677 796
2494 7157
1960 1672
3999 6023
5922 4026
472 2764
2282 2003
4347 969
8155 2690
8664 6963
2141 1645
8158 6730
5037 5539
9089 1203
4058 5664
2365 1835
5313 2080
4122 1656
252 7511
289 9122
3142 2001
3933 9042
5314 5301
8981 7722
3661 9983
1417 6166
2529 3023
1115 3377
6043 5468
2289 3163
6431 2236
520 5849
6186 744
3115 4925
6697 2556
6723 200
9032 1677
9153 77
2285 462
4218 9624
2839 5060
1651 7663
6289 744
2430 2152
9067 1998
9411 3867
1034 740
8706 7209
8239 684
3207 1805
2822 5501
2640 7746
8016 6903
3851 3669
3523 230
19 6684
6624 4377
3725 6567
7974 1491
6414 5542
5909 7922
4112 540
997 5518
1012 3538
5096 5380
3849 8751
6829 9315
2862 2710
2038 1111
388 2625
9421 549
136 8605
4098 3974
6640 9605
1128 8983
1172 4660
353 79
4687 5413
2279 2419
853 3853
2365 1735
3591 4459
1445 166
6005 1902
6723 2852
5764 1369
3201 9938
2112 9251
7396 546
4035 1282
7664 139
5831 5848
9864 5967
2376 4030
8136 8795
4366 4097
7638 6239
1162 9242
4998 1262
4478 2898
6909 8568
9922 2101
9225 4582
1748 6646
1263 374
4191 6644
7860 6153
544 4076
6656 968
4757 8015
192 7966
4246 2678
6651 7730
7161 8418
4184 9011
3409 9129
1118 4281
6374 334
6379 7706
331 4047
3497 394
5564 6821
9294 6951
950 2312
6626 7284
5116 6769
135 7523
1447 9396
2660 2937
2365 6158
227 4092
4485 9259
5388 6672
9882 2123
1921 5731
5710 6101
2811 9894
8481 717
5140 8429
2018 9378
4887 7769
5845 5771
789 1027
710 3748
8138 3707
4957 1635
8255 3155
419 6112
6672 2005
6003 6836
3169 2124
2292 7153
4365 514
3446 8850
1408 757
4204 9332
5766 7631
9513 5510
2274 6311
2269 4925
3699 4242
9458 107
7924 7118
4946 6673
6675 4432
8780 7154
5813 3548
1670 2937
5304 9013
69 8446
6936 2838
1755 7622
2806 7200
560 857
4774 1636
148 6279
248 6628
8867 7373
7258 2870
7291 7620
8012 457
8586 6300
2836 938
7532 4423
1986 40
899 3880
6166 2311
9943 2158
3233 1922
3601 3388
9610 5077
4930 8091
9602 5306
9753 8081
4345 6034
6005 8100
5282 4471
8744 810
5589 3967
1821 6739
7221 7827
3131 1769
6369 5553
9529 5014
9022 9599
7893 1831
5396 673
9920 7568
5559 9836
7164 6352
2874 9276
5129 3110
7839 451
4444 7764
5490 8275
1969 1939
3031 7262
5827 7576
4881 444
601 7957
8596 5917
1795 9923
1885 1199
9445 1614
8369 2130
9715 689
2131 2922
2495 5652
410 261
8286 7555
2322 3774
4737 6241
658 2817
8227 4541
7406 832
5967 4148
6829 1685
2148 1943
590 8168
7162 1294
7494 1988
1735 7373
1470 9877
1422 117
8011 3653
280 3886
397 9111
5141 8325
7788 9619
1444 9217
2480 372
7761 1978
7808 62
4895 5483
6925 4596
9447 7367
1616 7097
2191 458
305 709
4558 7826
9338 9962
2303 1006
699 1672
3685 1029
1327 9614
6766 1466
5935 385
842 1231
4837 6562
7853 1448
6372 5003
6467 289
5862 1962
6388 2850
1958 5794
7273 2562
9535 3646
3645 6474
436 7575
7431 4123
7394 5400
120 8931
7507 6464
6624 8619
436 4583
1782 6821
4473 2645
9415 9141
4576 8975
8109 5228
1507 1476
1492 6733
5730 7047
3770 8394
9024 1677
4470 7070
8557 1930
2074 865
8692 5703
4779 3319
805 5414
2081 3594
5142 3977
506 5465
4086 8416
243 4353
7938 66
170 747
1499 4862
4014 8182
4872 5874
1144 3495
9368 6508
606 8766
2122 1166
8773 5898
2433 9927
6022 2608
5122 2496
5749 3272
4400 2917
3086 4760
7530 8149
1745 869
6866 6907
352 567
4754 5262
4821 6717
827 9861
5561 209
6030 2959
323 9389
1646 4114
1054 6941
1221 3202
3871 2423
7510 7461
1573 7065
6627 1045
8449 5826
9376 5350
8936 8052
1047 904
6662 4216
382 6766
2502 8850
406 1616
2176 8214
3365 1855
9265 4060
5846 4295
161 784
6320 2154
817 9661
5476 2810
9075 6811
1947 3014
7791 1989
8960 6441
6083 5936
4697 2656
555 3354
4683 1947
5329 9263
5118 9381
151 3666
4239 5479
6466 2074
4022 522
5033 7019
8855 6236
5135 3638
5020 2308
2349 1507
995 409
3523 3214
5188 8081
4560 1232
7286 262
113 816
9186 5277
2310 7081
4471 7962
1819 782
1952 4606
1382 6923
7139 8386
1932 5821
5484 761
8217 6277
3562 1152
3215 7081
1415 3177
1230 5004
7773 8842
2342 6384
9831 6015
57 7864
2982 1687
116 7250
8966 8173
1663 4933
9073 2293
5795 2568
6673 1019
108 4819
7595 2982
7647 5498
458 8738
9149 6039
5770 1470
6088 870
2231 5955
9574 1192
3509 5335
5204 4288
2065 6273
4013 9922
7927 9725
6843 13
3909 3618
141 662
9632 8947
329 3351
310 5139
2612 3480
2036 7900
1984 3341
6313 6273
8917 4479
2618 9090
7492 1632
2999 7376
7815 4073
5342 1186
3453 5686
6191 1448
613 3413
4576 6366
5800 5226
3713 3411
5020 2551
6322 7690
8918 858
5684 1568
6320 3991
8014 1872
1179 3176
2737 2307
8790 5650
1326 6988
2256 2346
7270 9747
5691 5992
4626 5760
2386 9867
9861 1403
4412 9021
7822 8065
4033 9111
8706 490
7420 2072
4697 4104
3186 5282
8696 1474
66 5158
415 2338
3677 6914
1812 1644
6952 9096
7584 4689
1136 2944
1624 387
1773 6432
7487 521
1034 716
1882 5109
9732 537
500 2180
9760 5702
4739 5941
9410 4716
2746 2254
1932 469
6464 2619
3380 9500
6849 1145
7961 9827
3860 1218
4423 9947
4637 3594
9112 7983
2004 2617
941 5586
8853 1226
9870 1882
9481 9124
4767 4221
6821 7718
9492 3787
9858 6040
5830 1756
5885 2927
5958 2812
6175 9874
5393 4195
1424 715
4020 2922
4008 7024
610 8427
6022 6179
1812 968
2452 2326
8720 6879
1210 1219
7086 4573
4306 7627
5334 9264
988 8269
7550 8353
6323 4681
6819 962
2832 662
6997 8932
350 2993
2937 6349
3869 9639
6601 4263
5163 6436
5726 6444
7311 1213
9233 225
1336 5451
7566 3201
6822 2441
650 2604
6807 1856
1014 1503
9445 9873
3076 1878
4398 307
7834 7183
4324 8477
4582 0
8341 230
416 2748
9358 3195
1478 2306
1692 8241
67 8054
8115 9452
9729 5876
3811 5503
2162 5923
1911 9061
1081 4550
4272 1103
8782 2073
7682 1071
8818 6106
1932 7604
2063 3397
9950 3095
7620 2069
5334 4309
6096 6088
2428 3742
4748 3714
8271 9310
4622 2100
6479 7674
2555 1134
9004 2637
4973 9939
8766 4531
1701 4669
9559 4806
7347 2081
6215 3879
788 9396
1438 9855
2475 1181
2919 5094
9459 285
4803 2085
7395 9532
2227 9431
8371 5510
2378 7285
1934 8550
3538 4706
8345 7474
6830 3203
4819 7495
9184 4484
1293 4934
2861 3431
1740 2223
5581 8190
1405 9453
7239 4987
1352 4419
1068 1254
4888 6789
4627 2542
3674 3449
789 6180
420 3231
8569 2053
5976 2720
4419 5350
4312 7955
4441 8708
5532 1414
6471 7516
851 2010
8627 2601
7542 111
515 4333
2259 7171
5197 8258
7768 3493
2143 5040
7854 4815
8816 7426
8649 307
5847 2884
4973 4660
235 7248
8435 1496
11 761
156 1213
8463 9095
1653 4970
8142 8597
1659 9624
2753 9399
1969 849
6520 6112
1600 4791
2524 1587
3615 4424
228 536
7731 944
748 7425
4136 4063
3459 9885
1633 8941
995 8221
9548 668
7127 7174
2521 2973
6872 1590
6973 997
6744 5722
9170 5425
2163 3615
9057 7015
7154 2184
9763 2399
8466 3808
9268 5715
4133 2816
4153 6771
1384 4387
3427 9419
6244 5767
8069 4041
7416 7271
9811 1657
167 8935
8027 372
6654 7712
2264 569
1817 8749
7572 6010
6791 5013
9566 1898
2187 1753
7613 1509
4004 7120
1204 6753
1567 7746
9782 5508
2395 6770
4923 470
2509 6783
4964 5752
8598 3196
699 3653
3938 9887
3151 8456
6642 311
8175 302
8908 4866
2932 3053
7984 1069
2660 1510
303 749
2932 5287
7336 5534
9694 9011
2323 7338
5028 1846
2577 7276
6467 5380
2675 8454
2283 6113
9850 1327
8414 230
111 1825
9287 2067
3365 7698
2222 3072
6955 6689
3817 8217
5910 1364
7844 3241
991 1872
7060 5861
2393 9512
1848 8172
3413 4345
9009 6750
3001 4806
5476 1531
2750 8271
9646 7837
4937 1895
8952 6905
1629 7910
4218 530
2079 2716
6036 6894
2730 3160
5387 4701
8292 4584
8225 4999
5441 6193
8393 3366
3590 2610
1961 1828
8304 4116
8000 9349
1174 3668
4858 6248
7260 3796
5250 922
7946 7630
5575 7020
4589 5483
8130 9431
2508 9524
4391 2141
877 1367
2058 353
6633 1723
7876 4825
9389 8007
3830 2515
2531 9840
3821 7654
2384 2466
3511 5018
7599 6498
2405 1211
9214 1857
7201 3578
8184 6483
2081 3652
4675 432
1581 6263
826 4251
2334 4771
8685 7330
5943 173
3143 5125
1593 8218
5601 5242
6625 2601
7110 367
7108 3137
9319 6802
2767 9294
3215 8270
2136 5206
9081 6535
633 7649
8545 4648
2926 9224
1704 8203
8636 7629
1900 4889
4101 1116
1111 3250
3241 3152
3463 2639
447 1480
8750 8038
3252 3963
4715 7277
35 4715
7481 483
1143 6918
9686 5260
813 6290
2326 8251
7229 8810
1369 4085
7449 68
8715 8051
8567 3078
1162 1832
2284 3768
3117 7556
874 9130
3475 8248
1435 8937
3322 123
526 1711
7825 8013
7330 7385
1728 3834
833 7341
3334 17
1311 2107
5507 8245
7762 2947
8391 6051
8196 5303
1931 1621
1638 3267
5039 3815
6632 5178
5651 9272
9991 1058
2986 2724
3990 7236
6684 47
9584 9309
8795 7876
6604 9272
9720 8399
8082 5791
9783 6824
94 239
2000 6929
7043 9004
3095 4497
3329 1285
814 6018
4537 6458
9946 7096
1408 1115
6803 9028
9107 9426
7968 7975
7819 7987
4114 1819
9505 8803
9184 5262
67 4967
8500 7216
2375 4207
1619 7632
3871 8419
9058 1649
7421 3564
4391 8419
3145 4838
7294 7807
1586 404
7517 2979
2386 6917
5354 3311
8565 3334
2427 7599
7610 7496
3903 9418
1178 5363
8267 3978
5241 8283
5159 8957
5691 2194
9530 1867
1865 3070
6195 8761
7460 812
6090 3438
6841 805
1862 6420
54 5968
1793 2417
6860 3609
6281 7510
3557 1424
1607 1112
9064 8661
9493 7773
1882 7395
3948 2201
407 2714
4380 1930
962 1681
6015 5024
3433 7707
5968 6194
9789 1914
8776 8957
6592 9634
2074 1438
7872 5503
3264 33
9907 5113
8036 5595
2323 2839
9283 7605
6252 2290
5551 7162
1811 3740
1605 227
3514 3456
7295 6416
4609 8843
8554 8811
223 5211
5018 7112
738 407
236 3023
1443 2048
9596 9725
7133 4663
5321 3079
4287 5327
6246 4736
6288 1875
3618 7726
5843 2731
1066 6840
2379 1355
1053 3154
4113 6061
4449 7485
9795 5873
7044 4088
1983 3345
3045 667
1921 5930
6596 1510
1273 1432
8600 1974
8929 672
2032 248
6589 5220
5339 4256
4755 8211
2651 3820
957 5679
2535 1476
9245 5795
1889 5749
5552 37
5624 3199
8854 3864
8558 3676
6914 3525
4812 9394
8061 3339
6037 1178
1023 9460
1001 1425
8880 5098
6171 7759
9164 874
9812 3975
6006 6535
9417 9486
2510 8162
4635 8064
8357 8153
1406 7167
7249 5070
8220 1789
4732 1082
1275 1788
2898 8994
4540 7075
5691 2936
6421 1508
3477 1764
8577 9676
9094 5845
9030 8059
3392 1538
2983 277
9110 9878
4556 232
4030 7308
6687 2687
2088 9271
2600 7397
2301 6214
2508 4206
7147 8501
1888 9491
1585 9015
7796 940
4710 1171
3806 420
3375 5597
3637 5287
6352 7046
1104 3471
882 326
3677 7119
8758 7433
6854 9519
3961 4056
9825 7322
9001 3802
3046 1252
3047 6603
3735 7167
1149 9659
8811 2336
5042 777
7931 1118
812 2898
6130 2603
3301 4757
1022 3319
1633 2025
4556 6480
8318 3233
8707 4126
9725 2239
9582 8686
368 1814
2720 6493
2197 2612
2788 7464
2850 3600
7267 6226
9777 9297
1162 1238
9726 1776
7850 6557
1390 1966
5441 1729
2147 536
2506 6595
7118 2442
7632 1579
9620 9714
2217 5790
5427 8263
6465 4580
4198 1130
5876 570
3256 571
6944 5334
470 3103
1657 842
2504 336
8463 2138
2401 6070
6334 8209
7236 1669
9781 2065
2586 1446
6985 665
6673 4539
7018 4812
5591 973
3589 5616
584 2440
668 436
484 9306
7236 614
4933 4376
1789 5859
671 481
1975 2880
4392 9639
595 169
8458 1467
7383 1000
5559 3528
3607 9944
3709 9587
3072 1562
2122 5857
4278 2744
4897 5962
513 5656
2429 1021
2803 7236
5958 4963
8509 7095
6690 232
1091 2730
2766 2008
6605 9873
7197 7014
9072 8575
7103 2899
9820 113
8181 3165
630 6345
3477 4726
4713 650
9770 6903
2569 196
4669 6788
5081 7776
3257 7025
1501 2782
1211 1381
3442 4636
3257 942
8237 7195
7270 3990
2161 6173
1171 3637
4565 9377
7863 566
1429 82
2753 2814
6903 1020
5085 1003
9201 6113
4246 7753
4042 7403
2444 5675
9518 8611
6438 3719
2374 7410
4809 947
6791 4453
4521 9007
7369 3398
2639 3459
9547 4409
5436 9243
5301 6644
126 5968
1215 6499
8065 2616
1840 1563
4215 9824
3753 2157
7690 7914
1971 5949
7729 9634
4934 99
1617 2405
5084 2321
1494 2228
6325 55
8435 8069
9244 3588
8423 6123
4297 3134
4144 439
2777 884
6148 3775
1739 3297
8989 7486
9500 4659
1445 4763
1718 2525
707 3887
1892 5178
1060 1777
1849 484
7854 6404
3890 6260
2176 3685
1689 650
1246 8045
8411 574
3580 6317
5292 2632
569 4395
5578 510
1550 1591
4031 9884
2758 8739
9499 585
4305 6483
6273 5127
3588 2753
9152 1419
9299 6948
7766 718
5313 882
2288 8195
3719 4020
5668 1194
4755 1993
1107 7284
7203 5917
2665 9064
6995 8107
3287 3350
2675 2337
8116 2154
3789 2547
5855 3714
4037 9219
1431 8211
1618 4095
7166 9194
5644 6763
8652 4287
1062 561
7904 7726
6045 9622
2941 1225
1970 1135
626 9560
8421 8643
8729 8467
3170 6451
2341 7377
9121 2647
2726 2273
9224 2523
9487 1370
8611 4970
5626 3182
5559 7306
9770 5860
4820 2360
4081 726
1722 8357
2563 8728
5037 9714
6762 2475
9163 983
5100 7296
844 2698
8986 784
2684 2398
7674 5948
9286 2378
807 6193
8113 9132
6951 6366
447 7101
2606 8969
4083 4471
9362 2718
2355 5941
9230 6857
5759 5129
8138 7943
1217 2611
3147 7592
4805 5185
6599 5432
3435 1570
1244 2062
6842 7104
8913 1812
1719 125
2333 5016
5142 9404
3271 5746
7616 1028
8749 7495
743 7568
1913 1677
8582 6171
6513 817
4956 3739
5886 5749
2538 1834
2351 6574
890 4749
4335 4349
4835 1022
3748 3276
4779 4477
5754 2683
5468 1991
7999 1771
1850 1141
7792 3212
6995 3241
7684 7314
6296 7844
3303 5181
7180 2379
4074 8713
426 4219
1113 1250
3404 7162
9101 3052
8361 7937
1955 7987
7966 3623
2492 3039
1681 8383
4662 5146
9618 9765
8092 2676
1938 9748
1370 7126
5352 1884
7492 1734
3874 2898
822 4907
5673 1993
1774 6226
7817 496
3466 8464
1807 4027
572 4457
19 3222
7861 2432
7016 3927
7537 3999
7090 324
1823 7337
9687 7877
3748 399
8985 2331
7024 2832
7299 2273
7985 5108
6098 4258
2167 4347
2790 4620
1720 2385
1513 2051
9172 2374
9936 2760
5883 4347
2447 5675
2846 2222
2993 2895
2356 2666
696 8221
5262 425
3042 9772
8477 3516
1645 3792
5314 2684
7964 128
7174 6385
7995 957
6827 2931
8223 6607
8595 8288
6962 6065
9071 7773
7181 3857
4587 3536
1574 1505
1992 5437
6141 7873
666 9536
2226 2289
4915 8411
2409 5825
9311 1360
3392 1884
3810 4416
1904 820
1199 4661
8914 8687
7115 2334
9876 7155
8385 8441
1372 8974
5654 5206
3405 4969
3728 4456
5560 941
9427 1583
2452 295
3340 4341
4353 7544
6785 9494
5641 2368
4824 2739
9304 7660
40 7672
2269 8029
6222 2621
3634 5420
3904 7722
7353 5531
743 6606
1463 2333
9288 4610
3526 2664
4531 7705
6853 9274
8865 3179
4274 3226
6199 1602
2923 4033
128 9604
4033 2264
1706 4515
1231 4259
3615 6098
9610 4575
9319 7513
2472 5976
1388 7786
2934 5374
6526 4260
9589 8105
680 6679
8980 8682
9347 762
8356 1316
1641 138
1176 8955
205 4068
9755 4140
8105 3029
9207 429
2664 208
7683 8310
6293 3760
924 1409
259 8318
5048 1997
8239 2484
6647 105
9427 4003
2443 8879
6989 2562
9881 7743
3759 2728
3055 5102
9911 1869
2585 1966
2354 6460
4447 2704
9325 299
2386 2599
5036 2926
2279 8607
606 3737
6034 3870
1665 6612
3047 4090
6098 9124
3740 4347
8936 5143
7075 6881
8018 8320
823 1369
29 5077
8373 7757
2250 293
6846 250
2992 5405
281 6982
2222 8701
542 737
8580 2615
6288 8475
5346 6119
8219 9495
672 5769
478 3374
624 7671
5178 1367
7393 2530
1629 5157
6054 8980
8472 49
6326 9044
7383 8634
2277 761
978 8171
9363 2002
7615 4956
324 501
8955 2763
1200 9494
2953 940
683 1402
8778 3534
4519 5101
1870 4593
8168 2257
6073 2693
5608 5865
169 9236
9181 8421
2791 8019
2200 6270
2428 4452
3071 8804
3462 1504
6654 5477
7980 4563
2057 2273
6622 1689
1541 2268
6080 2680
5240 2836
1401 7725
1469 9396
6246 4155
7788 9768
1604 9905
1946 8418
5455 6508
2077 5453
6660 9149
2163 4383
7294 9996
5060 6468
9423 5725
9732 552
1196 1890
3134 4085
8079 9697
4605 1903
7015 5687
2172 780
4914 1229
5217 184
6910 7595
581 2759
877 9674
2296 76
6423 3310
7522 5290
4228 1620
9357 4137
714 8231
6929 1724
1603 6473
9616 7152
9363 289
2852 8087
7625 3776
9765 4806
3572 9417
2735 9852
3080 7600
611 3460
1920 4113
8189 9628
1030 3125
119 9783
1921 3568
5388 9360
415 1998
5630 7649
3971 1344
2332 9602
9280 6033
3406 8725
471 2302
211 6514
7645 758
4574 1407
8593 7870
556 8258
4460 72
713 4682
4826 9460
2020 7418
2056 3527
7376 4632
2543 7468
9564 2197
4064 873
2324 8189
895 6275
2825 4882
3589 7524
8944 6756
2273 2508
6263 2308
3791 7301
6509 3065
1532 7164
6786 9746
9785 557
2412 845
574 5902
9947 6792
9104 8943
7232 7110
9158 3823
7914 4980
1800 5123
6848 2156
2585 7347
6 794
167 1269
4634 2365
6864 2095
3326 9776
424 9735
6667 5002
6280 3580
867 4963
7865 1435
9976 1976
8897 6059
3724 6416
8877 5786
8712 7919
7408 9707
9089 5083
443 672
3352 4286
6670 6597
32 8828
3741 4413
597 2853
9974 4369
8923 637
6754 2853
2469 6938
939 6557
488 6686
525 5057
559 1397
8415 2765
3872 1665
5044 8588
3758 6500
589 5478
4513 7805
6913 9559
8563 584
1920 9058
1628 2863
6820 3782
9456 5957
969 3055
423 8405
4319 1792
9549 1446
2766 4928
91 4914
2873 4803
7014 8183
9285 4939
2519 5501
1756 3454
9451 1417
8941 905
6780 8577
3751 9813
4047 6193
7398 8521
9423 3774
6316 928
4602 121
6948 5997
3770 8791
1939 6252
7111 14
1679 8107
2859 1362
1957 9385
7751 1777
1654 9021
7556 1531
7874 2618
3884 3542
2424 9009
2601 1185
6139 9640
3006 3752
169 5466
1846 2375
4889 4880
6409 8642
3251 574
9718 6117
1381 9488
6317 5127
3394 3286
4652 6133
9693 7182
509 940
3735 1345
1518 7542
9126 9489
7649 4633
5430 2530
469 2636
4548 405
7333 4988
2200 2093
2031 6686
8531 908
5303 901
6826 9437
7981 1910
1586 9032
2764 7290
8348 977
2485 1477
6946 4273
4252 2101
2291 7770
7776 1660
8379 6933
5137 5937
6055 9343
717 2340
9320 5171
460 7265
2870 5673
5597 7975
566 7008
9552 4698
8767 5815
2725 133
4217 6643
5829 5924
263 7004
2816 1120
5719 8040
3446 7116
5064 5932
4842 1936
1531 512
3140 1124
7933 9890
8613 6864
6596 494
913 5074
8519 7933
4216 9615
195 4252
9301 141
8187 1903
4923 3344
8848 8917
412 8420
8802 2396
3757 2219
3125 9544
7526 6422
7751 1377
750 7929
1505 4955
6951 3531
7693 6331
2613 75
6007 6374
6116 297
3159 4907
1579 244
1917 9764
8092 5712
9565 8968
4958 587
6702 2661
7868 4767
3550 6349
1551 5642
9000 862
601 9452
9096 6935
8324 2321
8494 7288
3323 5137
3298 4313
2246 4388
3719 9629
300 6361
8978 40
692 5720
2269 798
1245 7575
343 6254
399 5130
5727 4768
401 8191
2097 5371
9901 2281
8063 7354
6336 3211
516 879
5606 5159
453 2569
7526 6471
1385 9698
6889 2492
1707 8204
8641 2229
1405 3933
2504 8339
206 9304
4950 3834
7087 4190
3416 2698
8067 1941
5101 3503
9446 2296
6786 5366
8496 4255
4784 882
4921 6192
6996 8125
4303 2438
32 7618
3797 6385
5681 635
1135 2110
8449 7510
9947 2873
1389 2510
9266 800
3465 9271
6816 3177
2898 1865
559 2599
9924 8705
4283 7465
9838 2197
6754 1604
6531 8598
74 3074
802 4203
3543 2442
7928 8011
3117 2290
20 7467
1523 5923
9803 2505
2073 2300
4734 472
5067 1593
9161 2254
9654 8390
4525 6634
3163 2654
4848 1529
4882 393
6883 9115
8177 9029
3252 6705
60 1315
3029 8442
415 5382
861 1167
8458 904
5070 5515
2316 1310
8775 879
9475 765
1082 6789
2275 2013
8992 1507
53 1660
7692 562
7650 2214
2653 5392
9729 7444
2280 1427
5085 7794
6214 255
7466 4390
5898 281
7241 6830
645 1597
1514 6088
1517 2061
4705 7720
1339 7899
6749 1590
7909 8858
1989 2886
8892 143
7635 7868
7158 3069
3158 5087
5502 738
9922 5085
2890 2108
2187 2079
2253 6768
3490 4479
4286 2508
1246 8359
4330 6043
7151 124
9734 9433
8624 2475
5863 2999
4779 6707
7957 9602
1361 2499
3965 2319
3833 2245
3702 8986
4137 1531
2838 9183
5219 4056
9830 6072
7330 3059
6003 9
1702 1368
6279 7304
1323 5727
4760 3040
1488 7777
6958 6840
1063 3048
5211 6208
2072 7590
5206 4028
252 4665
1080 7604
2007 1565
2267 7514
8564 4259
0 5374
1863 3585
2640 8143
5103 7930
7909 9778
811 9055
8426 4024
6575 8597
7376 9579
231 8697
722 2697
6795 5346
187 597
7411 8982
4935 2250
6893 7711
4487 6449
125 7503
3129 9973
8548 450
4936 6997
2356 8212
4767 2746
8546 8787
9732 3881
7693 3909
2787 43
207 2444
6199 2699
1554 6905
3152 5280
9972 9712
1538 6284
2766 8011
1275 3172
417 9665
1063 7216
8450 4312
1447 9717
568 6568
8847 9298
2099 7426
383 72
4335 5377
3525 1646
41 8400
8688 2259
4562 7101
520 2197
4322 4156
1516 1538
6879 3566
1580 7229
3517 1652
6537 8467
8104 5438
9657 4750
7648 8681
4479 5305
7668 9641
3867 4982
7811 3459
9758 8429
366 30
9169 7477
354 218
8582 152
8741 5154
142 7026
7471 8686
8396 1482
9563 2205
4395 5124
1261 8497
2492 4454
566 1275
7298 682
9750 9000
6562 6916
3425 7500
2516 4148
4678 1870
5343 3054
1452 740
3237 8104
8477 5265
1834 2531
9688 9756
9195 5118
6417 7394
8284 5815
6332 6863
3955 3764
74 6105
5747 3201
5491 749
1195 8506
437 4479
6657 5563
635 2716
7417 695
8498 9234
2570 6038
6168 5987
1954 7090
7621 5589
473 2804
7375 1837
2340 7978
1256 8317
3179 652
187 4332
1437 7279
728 4805
9362 6425
1019 1251
7602 2070
3284 7067
3844 4315
1330 4874
1705 441
7633 4689
8586 6724
6278 6638
8255 277
4024 3341
1169 4988
242 4414
9538 9770
742 4841
1212 9502
7508 2591
3240 9934
1307 7699
2576 6489
9375 938
7542 6075
3004 8766
4135 5696
266 5017
5866 1884
2897 3040
1245 7051
9631 9405
162 2948
8392 738
7478 5475
2413 7995
451 3496
3136 1459
4902 5114
4679 7545
4163 8095
1311 8821
615 1264
3970 6806
9407 8297
6188 1742
9687 31
3131 3792
806 3589
2613 40
4344 5680
2687 332
7115 9002
2059 8370
6174 9556
6257 306
6327 2111
5617 7245
2436 7324
3895 2382
5941 5442
7696 703
8152 5009
1229 2607
3492 1669
1670 1060
9978 9341
9921 252
9480 364
2387 920
960 9840
533 906
7162 5233
5547 8894
5989 7356
9489 7127
3667 3521
5014 5340
8582 953
3518 6963
4149 5900
6547 5196
1764 2498
348 6178
6627 1304
2224 2989
277 5573
8573 9883
7091 6078
1748 5552
9650 5495
9303 812
2547 7004
3990 7996
6602 879
2534 5747
6001 9265
9251 6315
766 9078
7607 8150
466 1508
700 5386
1587 4253
3310 7244
7676 9230
357 5932
5475 999
2066 978
6444 795
7031 711
4284 1226
2684 1160
641 3486
8351 742
2800 898
5515 8449
1278 6634
7965 8614
9875 1262
627 4614
5004 777
6837 2905
4736 2706
8377 179
3750 6840
2034 9686
8453 3555
3016 1480
2491 6249
7902 3431
7362 2126
9760 970
1104 2144
5195 7337
5502 6034
1041 1392
3531 2774
2141 9040
7922 4577
9013 9814
3993 3049
7918 3584
6843 1778
2755 2765
505 2282
5753 1797
5932 6514
669 4617
1422 1166
9055 1452
6346 4191
6947 5826
6081 4319
2709 6599
4735 1227
9389 7364
6765 6072
7395 5229
9176 9391
229 1615
7537 6747
775 7416
3671 1238
3210 4375
2706 6638
5536 3942
6737 941
8143 8404
7238 474
9844 9240
1328 6858
6794 2547
1722 9595
4203 1606
7154 546
6709 708
9277 1843
97 1561
489 3057
8064 5771
6563 1927
8887 1327
217 3846
4606 1231
5491 9504
4803 3083
5838 3556
4227 3934
9656 4971
332 2162
3395 7283
8108 6038
5940 5737
4638 2431
9979 6620
9479 7645
4664 208
8844 3216
6780 1121
5415 8650
6622 2248
2633 8406
79 2994
8257 634
8656 3359
4334 7737
8034 5689
4978 1372
1646 5334
9111 2386
4950 6159
7415 9382
7051 2322
1702 4448
5633 3333
9826 6622
2016 7212
2175 2419
621 4732
1164 7841
9640 4657
4714 4404
9351 8045
9742 6559
7810 4578
8180 9019
7424 3794
8166 908
1059 1685
4782 6791
2432 635
1737 8881
5890 2706
4988 2026
2174 6218
9867 2986
4665 1959
4839 6858
377 3447
536 9222
8682 5077
1372 3009
5875 9533
3743 1002
9624 4913
3659 3405
7585 3835
5217 2477
826 7475
7497 1057
6972 4484
7623 5117
316 2634
5263 2259
3362 1647
9065 5833
9645 1015
8168 8572
3526 199
8024 6213
1282 4589
4934 2683
2411 8860
3445 2234
1169 7303
542 4738
6461 4449
8935 1059
8775 2786
1399 1927
4233 6445
5513 7872
7843 4239
4607 3013
4512 6042
6761 871
7401 7571
1767 4408
216 1224
7003 4590
7936 1174
2594 3525
235 3386
9108 947
596 23
5849 6879
3670 600
6399 5668
4324 6406
7754 1635
4955 4124
8652 3687
9413 2217
37 5293
752 4325
9419 8227
6670 5112
9309 2032
941 3687
1925 8229
6394 689
541 7826
6033 921
1188 4556
7433 2372
161 1134
190 2166
4262 78
7118 5624
9416 4513
1289 6684
7790 673
1282 8340
2905 1805
6603 2864
275 6898
9616 7095
8427 4105
4899 4872
8447 5953
1112 1265
3707 2366
9233 7472
1569 2610
381 8087
3369 2636
1708 1941
7692 7230
2982 4355
6619 1315
9997 6317
1686 4257
6544 8594
714 283
3058 2269
6921 7354
2138 5413
5760 1420
5852 8001
421 6093
1896 6944
3616 9926
2177 6088
3804 2052
4113 2622
7486 3195
347 6261
6629 8154
6289 4970
9634 2320
2519 5280
2762 1263
119 4183
1945 8543
263 1299
3610 8647
9960 8265
5668 6344
9312 237
8215 1530
7083 4106
8024 2540
8861 1106
4681 9749
9099 5815
1212 1408
1738 3960
3993 6264
264 144
9982 8144
6362 2796
3031 4470
5702 6860
526 3241
3410 619
4884 905
7132 1282
1777 1374
427 538
5593 747
6982 3921
4192 4596
8388 719
6046 1486
611 2904
2006 4326
2797 277
3524 8308
3080 3503
5750 7201
2285 1355
3484 8728
2332 2589
8850 3113
9149 438
990 1699
3082 815
2181 6931
6587 8619
1763 9368
2034 2503
7786 889
7432 9414
1802 5449
1656 3243
7154 665
9131 8917
23 1327
3587 7970
7603 6406
3884 3501
2671 5398
607 5066
5972 4853
5209 7541
1389 5662
5467 8789
7041 257
6276 2694
6449 4491
1052 2631
8813 4072
7426 9361
684 8342
169 8874
1883 1292
1630 313
7077 715
1133 2906
5684 1731
6804 8020
1511 6665
2984 4810
6052 87
8391 1567
1760 116
9262 8653
4125 2022
4332 9399
9059 5494
1414 2717
4867 7507
6908 2112
2519 5370
6300 3143
9694 628
374 7410
7191 1983
3952 2349
6587 7730
8219 5991
8368 9244
1573 867
6443 508
3456 862
613 3510
9490 8419
7986 8948
7919 1419
254 9323
5044 7785
7401 1536
9670 9253
2597 9003
571 7463
4205 6394
4950 2119
9848 409
8873 6498
1214 753
389 7936
986 4734
6630 6403
929 9206
9309 4178
3410 8615
2974 7575
6462 8608
9355 1142
2074 3954
3408 2176
1026 4520
6994 2919
8881 2693
7649 2578
3839 8141
9941 7155
4921 3751
8968 3063
4407 1569
480 1453
2522 5365
7456 1995
3861 5690
6079 1325
6301 3614
5865 16
9124 7475
1973 7550
3858 2951
4455 6571
1813 2217
599 8480
2875 6760
4402 6293
2925 718
7278 9428
9999 6701
4228 331
6533 6329
1241 3170
4440 2534
8637 6014
2664 7555
8425 3686
9508 4120
6978 2980
2585 2220
2835 3150
1640 2201
4730 8262
2011 1028
9233 1102
8424 5832
1856 6768
742 5458
1617 9629
1984 8579
788 1172
5769 1217
9637 725
735 9679
4666 2279
2930 7086
3569 1367
3719 7363
3514 1570
5448 9339
7856 5668
7790 9277
4510 5298
8242 7711
1503 4309
7375 8460
4215 7992
1885 4612
880 6580
7082 6420
8103 3674
7881 7143
1705 7377
7952 2845
984 3088
812 8348
6643 6366
7192 4100
6420 5880
7342 183
4411 403
925 3897
6412 7715
2716 820
5572 5355
8270 1679
706 646
726 7952
9827 6085
6124 7023
9134 3962
3937 1517
2 9860
1439 678
7420 9980
1845 5827
7533 6223
7586 2690
4940 317
991 7081
1880 3506
3122 8873
5953 9875
8544 3696
2503 1979
1891 1586
1091 5766
1676 5401
4325 9630
1675 9930
7405 7796
9341 5593
46 737
2485 416
191 2814
7694 5868
9956 9841
639 9193
5693 5080
9440 1023
750 203
6316 1533
7278 9885
7448 4549
7988 2579
9219 3320
4639 1033
5678 1827
2036 2497
2622 1498
926 2653
368 8276
864 5519
7228 7143
1839 5951
9773 3510
4798 8253
5104 5176
9257 8135
4619 7675
3047 9661
2800 1160
7450 4595
3265 6569
6648 5175
5174 5368
431 8787
2045 5098
7652 2357
1170 7772
9133 910
2464 8892
4096 3208
4134 1372
3115 6603
8653 418
774 5250
5785 8771
9766 425
9998 6018
9635 7562
9189 307
5899 4440
2319 9589
2584 7291
8153 4975
7920 7118
5920 1834
7309 5573
8391 9519
6076 2883
503 9811
1657 8843
6183 7552
8347 6437
4796 8838
4267 3571
1122 9602
1819 1572
3499 861
4373 1305
1272 7656
1377 3239
2342 2230
4011 5436
5802 2332
5428 533
9377 884
5400 3983
9409 2216
17 4813
3140 5085
3034 2234
7606 5389
8278 2575
7228 8794
945 4343
8263 800
5511 2208
9418 8602
4068 8005
6168 5832
1291 1850
3810 63
924 3176
5520 2482
7200 8170
3229 4511
2102 2167
1608 349
8195 5184
632 9125
9445 3164
1503 7166
9161 163
6931 6398
8254 840
6697 2125
9386 6170
5058 7932
827 2972
1979 9686
688 8932
2592 3797
6857 5409
1809 4937
4556 4801
4631 53
6234 6881
776 8362
6769 1974
1849 3528
6563 2156
9236 2786
5495 3261
939 7537
9694 580
3659 172
8569 2723
4244 9319
4666 3585
8760 8457
8712 8328
1170 6706
1350 5262
6041 3773
5606 6786
6005 4834
970 2522
274 9311
3771 9931
7523 6088
1326 24
4536 6365
1764 9438
4994 1611
6576 3440
4886 5222
4847 9710
449 3909
9587 427
3595 3326
3008 5247
1183 6547
4363 4858
6474 7133
5663 6187
9138 489
8737 4288
1529 4000
2327 2174
7138 5371
5621 6836
8323 8390
7208 555
6459 5109
9415 6848
5446 5797
7447 8437
2959 132
4381 7204
9141 8835
985 6310
6673 4570
8625 4868
8967 6589
4075 1068
2299 3294
4048 757
774 1668
8413 5046
1449 1754
8524 9652
2705 7738
9155 7243
3467 2908
650 2720
1450 2009
9619 3316
9271 3557
6901 9451
7513 957
7497 9454
4821 1165
7785 4541
2423 6533
8373 5033
1458 3917
9353 785
3892 3478
5036 8523
7566 2963
8169 2454
6754 4792
9811 1725
7102 673
4229 5310
776 7
2072 7708
5610 5535
7512 2642
9792 547
5369 2170
783 4133
2485 2845
7704 8960
3754 2331
6670 7009
4994 9805
5813 1399
7107 2025
8587 4999
4952 4837
9771 7187
6719 6640
6591 8812
4821 174
9574 7349
511 4082
7511 1866
490 3553
1941 5137
5109 1300
451 1455
7325 7758
1258 9358
2649 3439
1480 846
9864 5544
7387 954
9352 4096
5183 8636
6056 9063
5876 51
7744 1593
755 5204
3455 7445
4578 9039
1733 8494
2375 6868
6115 5489
361 3974
5951 2232
717 3918
1740 63
3920 4147
9018 6661
5360 4040
1242 1894
4672 1686
3844 8102
2347 3004
4076 5248
1000 8244
3554 5712
1391 6281
5994 3454
572 3862
3820 7868
8865 5152
2572 8913
7073 1846
4828 9655
2122 6519
7921 8066
2114 9221
5652 4675
8982 2745
8105 1740
1231 872
1637 1796
5782 4116
3579 1068
6744 3718
8664 8547
5677 1338
8032 9432
6422 5211
7032 1598
5958 8962
9014 405
3459 4009
1142 9414
7309 1604
9438 2351
7166 1122
4340 8784
3777 7263
1935 6261
5608 6014
2955 6741
7465 7271
8544 9610
1721 1483
7637 3586
1148 6719
2194 4085
9675 7944
8355 6392
535 916
3956 7634
877 970
8393 221
5707 9538
572 8687
8530 3767
301 3657
1564 9132
5445 9792
4591 141
9787 7146
5763 9304
9883 3867
833 700
5396 1185
7357 4481
9521 493
9077 1240
586 3923
4618 3379
3756 6515
4286 1608
1606 9241
3566 35
4821 8209
9603 5050
6690 5312
6132 5925
2651 5167
1646 797
5968 873
5798 259
7678 6183
3118 7764
545 906
7350 1996
2197 6873
4597 3642
606 2171
5625 19
9209 2679
7659 2313
9923 2618
9606 9948
280 8521
9769 8993
9374 5735
3835 371
9187 618
7295 2455
9029 921
4536 4453
7521 936
4751 8356
9405 2632
5378 4356
7594 1672
5375 4114
5588 2337
4562 1671
2844 1280
4731 4898
7752 325
1539 2168
4025 2060
2241 5001
5789 761
5064 5044
8870 538
5747 6478
171 6775
4260 4175
942 477
5704 3181
3694 3708
399 3853
3021 4222
7931 4199
3301 3465
4472 8858
1382 1126
8763 3936
19 3186
6077 6691
9070 9861
458 7584
7905 7794
1956 3067
6671 7806
4542 1091
1545 245
7542 647
3781 7705
6482 7593
6589 4412
6447 4418
9668 3552
5078 8342
2670 9692
1280 7545
2928 8210
6395 9027
5973 2079
1949 4320
1411 9187
2424 1659
9278 9730
4671 8668
9003 9978
1064 9087
5479 6694
7842 8679
969 2961
1273 5074
3062 511
2632 9919
8932 9
1247 1470
2273 4760
5973 2615
8244 3572
4527 7549
2627 4844
9793 3156
4551 1641
836 6001
8973 5342
7289 1169
9359 5331
381 4301
3347 147
7582 284
322 4802
7341 1657
8603 8003
2324 5095
2232 3960
3434 9202
2930 3611
869 4584
8273 8413
4063 1735
598 1358
1675 6649
8125 1756
1770 5038
8509 9071
5673 7576
1250 1716
8878 4109
1293 7176
2019 296
2121 9544
3602 5905
8817 7255
5186 350
6161 1136
3648 1930
7787 7244
7217 5734
9771 5685
7751 1309
9132 3724
1938 4892
620 6073
234 6657
2269 9153
2634 1986
8638 3564
9662 1954
4522 199
5521 9249
1727 5768
2672 9377
9730 4241
83 1504
480 1222
8045 7682
3096 354
6897 2254
3784 4471
424 445
4597 2308
0 2558
1727 2684
887 7726
5412 2213
1209 2534
7699 3390
6086 805
9524 5093
3000 6735
8422 2055
8707 342
2185 8409
397 2152
2542 6935
3104 4394
3100 987
3742 9636
5012 384
3957 6908
8614 5191
4307 5623
4949 7434
9019 2861
7561 1279
2488 8364
980 4224
4274 480
2712 6072
7775 2930
7910 3072
2107 6270
6506 3804
4507 9466
4101 799
191 8196
9626 838
8966 3627
4638 6452
8470 1665
9834 249
556 7486
9218 9960
2849 2600
6587 5801
926 931
121 5916
3137 4388
5302 5344
8432 3530
6586 419
2781 1902
2311 2362
6523 5818
8836 6883
1617 2185
5165 9257
5772 7662
8953 8
1017 1751
8556 3250
4467 3891
1389 9777
9306 2065
6650 1694
5445 4699
971 850
633 6115
5061 8939
3178 3933
8832 7520
7505 7166
5211 5992
2191 6611
9679 4072
8930 9060
1729 8348
2341 2010
4843 5161
8364 7007
2237 7680
2033 8309
7744 6053
6216 2234
7404 2944
7850 1099
667 9507
5360 5431
7229 6878
4894 1749
2877 8672
2451 8967
6516 2527
3981 6881
8364 2154
5474 9157
6583 6860
7404 1089
6610 643
485 6668
6164 2098
484 140
1291 4644
3510 6348
8538 8147
2752 7420
6475 5448
9316 921
1691 3187
2611 9791
3510 8732
3202 1772
5345 7067
7327 9462
3719 1590
726 208
3765 6249
2047 8041
6874 1547
3226 2597
2057 3694
8430 9361
4850 6695
9134 449
3328 6463
2478 8956
6595 9689
3220 6954
8705 9333
3058 9549
7208 2676
7171 1422
1000 7821
2836 7017
8335 2256
421 4635
3540 4457
80 1307
4360 8758
7225 9159
8634 2764
3318 9521
4842 3240
2914 1818
7984 1730
5180 1628
1662 1110
9157 1118
5955 5206
330 7908
7505 5626
2879 1766
7106 106
6877 82
7814 4173
5244 6436
9344 8467
4197 6324
227 9952
1537 9553
4566 2761
4230 2909
5343 1988
6196 25
9551 2763
4106 1251
8202 1170
1327 8300
8635 9050
1790 6047
7237 2292
7792 2207
1100 8681
6896 8368
5637 2746
7452 3897
9900 7972
72 296
1269 1686
2439 5574
1077 1894
9228 45
3457 7984
61 167
679 1200
8810 2649
3868 355
1341 5248
4069 5561
2530 1578
4250 9662
4728 1897
3800 1641
3593 7619
1670 2772
2215 6813
9883 4429
1783 5914
2750 5820
7394 5534
317 9670
185 8568
8162 721
9770 9343
4019 1690
7697 8812
4617 6628
2080 3913
8916 6785
1169 104
2460 165
6187 7799
923 9241
1652 178
7545 4014
9670 1418
232 4610
1957 6645
1489 8104
1599 4357
5086 1155
7253 5389
2810 1923
7322 5314
7958 5156
2969 974
8766 1138
732 4203
9211 3938
6970 9390
218 7021
1712 2610
5933 4910
5652 6646
5504 2334
2757 697
1470 7853
5383 790
1349 8948
1214 5851
2008 7241
185 9310
4932 5315
4097 3937
5365 2095
9666 5957
665 7186
4681 9982
1301 8192
4894 5270
7 1132
3812 2084
4667 576
1759 5886
6434 688
6389 4748
2209 7802
5032 6655
54 5744
1939 994
5599 8794
7155 4752
2462 9205
8216 4950
280 5281
492 1674
9550 1802
2739 5549
78 5156
7076 6781
9018 6316
2887 2845
2536 4797
751 7017
8604 2289
9018 8213
6195 617
6182 7573
5633 2894
2758 9475
6878 9576
5350 6412
5133 2303
4923 8668
397 8929
3054 971
3731 1827
923 8759
2567 3227
1605 260
5342 2701
5805 7906
9032 117
3442 3151
4955 421
7227 1596
704 2143
7859 6963
4204 7413
7620 9561
6689 7966
5207 1185
9958 2796
4282 4418
4709 1292
2883 1481
5940 9854
4644 1234
6054 6886
496 9907
6114 7377
9646 7129
9732 1084
4667 504
6195 8098
2724 9661
4547 1540
4533 8774
5227 3758
7995 5060
4202 1464
8129 2703
822 6202
2521 8203
4805 947
3320 427
6783 636
5447 5203
9236 472
1752 1137
9754 6607
7846 6479
697 8731
8592 4786
7355 530
3431 3703
9118 2182
4678 7343
1324 7626
1057 5528
1197 6598
5521 1454
6619 492
7472 1025
7318 8651
575 2665
4441 1380
4160 5303
1933 1819
3201 9966
5068 2352
9366 2210
5897 3391
3658 4048
3534 6821
4823 7070
5670 6869
660 2196
8956 5130
3198 7579
3220 7165
3627 7509
4568 4904
8555 4734
3413 1820
7967 9217
6312 816
1983 221
5507 6540
8918 2858
9989 4373
7489 1703
7032 9065
3320 1558
6348 6781
4748 1162
708 9061
1650 6095
6432 5861
9790 6683
7595 4021
5219 7139
8246 4330
4874 7921
52 9042
866 741
2439 8752
135 8842
6923 922
7414 7067
562 8335
4415 8613
4688 1660
4716 7470
4471 9745
8498 838
9766 2448
9381 2493
13 261
3504 1573
1701 2588
3701 7130
6317 5247
1250 3983
9816 9984
6805 8715
2581 566
3602 5620
7359 1019
8386 3146
7879 9941
8254 8503
6350 7091
4828 3734
1671 27
745 7986
8220 2065
4344 2848
4576 2570
6730 3167
5781 6994
7454 654
2607 3835
9419 2880
3753 3624
3708 1564
7830 9417
7275 455
1067 2215
8033 6246
5259 2930
6876 46
7442 9400
9043 1183
8310 9017
1574 8513
4955 1433
8041 2269
1751 3622
5314 4399
38 8539
6593 2555
3646 1796
5648 9085
468 8051
8187 2341
7569 6163
6818 2883
2800 9722
6764 4048
3369 5236
6495 4381
3075 7053
8269 1567
8645 3295
4912 268
2446 5262
138 1183
2165 5824
3638 7330
6707 6337
8275 1260
3537 3733
2898 6009
3324 2431
5806 4122
4816 2530
8540 9516
8707 6342
7171 3485
8369 8574
6477 8348
1737 327
3998 1137
6677 2595
3381 8669
7535 311
2305 1938
2851 306
2085 1174
5344 5663
9951 7173
4163 7324
7702 4901
3253 7756
3730 5422
2451 298
8448 2585
5343 704
1622 4103
6917 2790
7188 9894
769 9182
5308 1936
1647 5664
8755 8980
3554 6290
1240 4201
6601 90
8612 368
6480 4023
3491 1706
1635 1660
1138 1930
7992 3167
4713 396
1837 513
2012 8341
7055 3662
572 6813
5277 1944
9155 7803
5484 9919
3808 3135
4844 260
5007 3526
2683 6606
5789 8057
3113 6509
9499 9719
7244 7692
3232 21
6837 9452
9444 1891
5410 5967
5178 753
5541 9170
9710 9329
1493 3663
1744 8830
5283 4082
9103 8062
4528 2938
5449 2660
6061 5506
8657 1529
6259 5761
931 9916
9301 1183
5717 39
2146 4281
9998 5940
6223 4182
1483 1328
2005 3370
2927 7535
758 155
6683 5440
278 4723
1086 626
8872 2742
5615 6247
8262 7589
5353 1176
3061 9633
6 1754
1944 8291
8623 7647
7555 7244
179 9343
1347 3624
9030 7961
6093 505
9243 3205
5493 9633
2342 1228
848 6352
4779 8842
4843 4895
6763 2898
3933 1083
5056 7618
9546 6422
3974 9145
6218 8203
1677 2231
2841 3281
2748 8516
5328 1202
7385 2211
9637 9612
4342 664
8814 663
734 2056
7660 5368
7520 7264
1413 5237
4858 5993
2530 1370
4459 5098
874 4796
962 9391
6478 7164
9498 1768
3416 1743
9114 8325
1166 2571
1544 368
507 9588
7167 7483
1199 3736
9937 1693
1445 3079
4206 5783
6838 6263
2276 2635
6637 7111
5961 3535
6778 8835
9560 1678
5595 1207
2617 6256
5208 7928
6660 396
1181 6623
7942 1723
2782 7927
2885 3294
7494 4553
6369 4738
8480 6805
7884 275
5065 3124
6475 6223
3862 588
397 205
5250 9332
5180 1262
1419 1065
657 7730
1470 8688
1565 4686
863 4604
6261 7805
3934 3650
3725 8388
6294 3595
5529 9002
2472 395
6944 8488
3448 1760
8802 701
518 9900
4267 9142
591 1638
8296 1820
5061 2286
1178 2366
8428 7472
985 3425
4358 5019
6058 2804
4722 2579
484 1193
8849 1603
1983 2977
1321 2119
2590 679
445 120
7519 9008
8044 8041
9825 3505
3785 9043
101 1298
4060 668
6232 5282
4343 2892
7791 7371
8267 1827
3508 8919
3403 2853
849 2883
4401 8472
5066 2882
4369 2320
6144 3285
235 7401
4819 1626
1460 8469
3527 5795
1943 8133
4970 5433
5911 2157
757 7552
9801 7524
4690 6716
1792 4297
4669 9172
1369 829
3325 1446
2536 1180
2597 7708
914 8349
1110 5342
1117 6893
1288 1784
9093 1478
1192 5629
7536 54
4196 6587
9492 749
9605 7745
1655 6743
7516 1662
2039 6236
8256 7436
8876 964
135 3022
2203 2718
9251 7349
2236 6834
6159 201
2590 4886
4378 6246
6905 3407
9219 1029
8644 2392
4854 396
7080 583
5333 7945
9061 4942
6235 1611
4835 6591
493 8817
9052 2148
4658 8968
745 4862
7252 2526
650 2972
3335 5660
6457 2463
9882 740
3089 3771
828 1688
1371 9633
5937 8923
7913 1466
197 1659
8311 8102
1744 7999
6479 8711
2698 8445
92 967
9393 9088
6017 4625
2360 3640
6778 7055
6578 8898
9795 3248
6176 1098
7048 1756
2856 6046
4141 3530
1335 2197
3647 657
7671 1247
5098 1518
2532 3727
1869 1959
6507 5222
9803 4701
9541 6882
3203 2135
2643 3687
3026 7916
570 5036
3079 8241
8721 4073
4424 8661
6328 2000
1635 6232
8395 9786
1127 5651
7111 9683
9652 2532
2701 7881
3184 2328
8453 1776
7516 7775
6052 2138
8182 842
7473 9605
7648 9960
804 3845
9969 4818
3953 2308
5051 227
4212 6455
845 2156
7644 8115
6233 8039
1181 6255
8472 9834
2000 6108
3485 6398
9422 7363
5192 9361
5838 2301
5388 2905
6555 3977
354 1466
8473 8521
5887 3161
2825 3566
3364 1890
9131 7750
3620 5111
867 8387
2508 6586
5807 5661
8558 1086
8 1946
2350 6776
3944 7549
5681 955
827 3629
7986 5109
9641 2968
9815 2372
9346 7816
6164 6141
2059 4244
3038 9342
2552 90
498 7922
2058 2076
9399 7269
8011 2856
3553 5129
2792 5004
1592 3112
7583 810
8105 2682
6536 4904
4491 3082
5225 908
4020 468
3476 2950
9389 3138
6132 494
484 7912
1192 2223
4656 7196
9967 2068
9994 3498
9941 5715
2634 5190
957 8535
1551 2627
6495 3282
9555 1172
387 5090
79 6401
8687 611
2331 1260
7214 4806
568 4901
7442 7136
6657 2075
2587 406
1231 1395
8440 7656
301 6430
5261 3132
9228 422
5110 3980
2792 9337
1099 1458
7546 9738
4020 6435
2430 1892
511 8778
9992 432
527 2007
2483 1625
2760 935
6890 5374
5129 5733
2539 5656
1144 2545
7640 1980
1764 4273
9504 8163
3799 1653
5230 2248
6826 6559
2240 2802
6446 3170
9754 7555
9496 4491
7356 7296
6477 5566
4962 7954
3407 4546
2042 2347
9430 1423
6123 4717
6866 6662
1444 6120
2335 2322
4771 7203
5482 1278
9063 1341
6244 359
4760 6356
3349 6404
6789 1814
7139 9523
734 390
6626 2853
6884 33
1118 8797
6846 321
9079 5045
4045 8497
2428 8961
641 9379
9388 7816
1117 1055
2376 3265
9977 4588
3181 6490
4439 8564
1089 8575
7864 5443
7467 1880
5424 8432
1848 1475
7575 9216
860 5781
257 1238
7206 379
145 9519
8967 8630
3065 2302
883 2582
437 9811
2809 3190
1481 3282
8240 9032
71 7377
6866 7010
2470 4081
3598 6810
8911 7793
5688 6622
1178 8175
9972 3159
8953 9873
8435 2031
4323 7795
3517 2320
2308 2785
2608 1871
2770 9592
4215 7753
6675 3656
4015 5020
3741 1404
6822 1001
8751 3949
5300 5017
2654 7188
367 9966
34 1423
4729 8795
755 3670
1133 2566
6286 8542
5674 9293
9612 701
9279 439
7060 1551
4664 685
5247 2713
3848 2488
8893 4316
5224 8108
2519 9580
6510 1238
1957 9426
4113 9394
7441 2878
1996 1185
4203 8081
9969 7448
5294 474
5568 572
1746 8767
56 4637
8371 4367
8877 8560
8435 9798
9243 7202
3980 6240
2858 3497
3352 9569
1106 8461
3141 9029
1777 2120
2419 3907
7867 2489
2319 5127
5393 4943
5781 7281
7989 8276
4785 1688
3516 7048
9303 1730
2165 528
3301 1480
1274 6574
6757 4582
1253 4787
1367 5313
6325 9859
1198 28
6608 4728
6873 3228
2939 889
2581 7803
1751 6091
7074 4042
2318 9096
9027 4026
5360 3248
4890 892
3799 5310
6467 5927
8353 2397
9311 2811
5055 6666
8100 3652
8921 4171
7123 1233
2565 6288
5627 2549
8424 7801
9804 8686
6171 9161
7966 8260
2913 2985
7907 6260
4345 3392
5146 1038
2767 6706
3381 7723
8632 6422
3517 1795
3022 524
7685 7950
504 7870
6765 6937
3341 55
1224 764
8906 6706
9312 3049
5475 8756
5192 6183
4231 5052
1057 4385
7575 58
4737 5833
8519 5246
6210 9136
9222 4882
7927 7306
395 139
676 3421
8401 3659
7102 2235
3460 2811
1857 2977
1948 6504
4337 2687
2185 5067
2530 3640
2416 7261
2684 3580
4661 8106
9465 2933
7785 3574
5361 8350
6055 8141
6569 427
985 9119
1351 8484
8480 3564
4457 4132
2260 1869
1078 1842
8809 4292
724 7981
722 1748
4044 2525
8874 7747
476 8104
8305 1550
2251 8018
403 238
322 649
2272 3867
2633 1712
6183 1134
4336 1337
2900 187
1439 3145
2108 1359
2399 2551
1415 9414
6555 1044
2077 5760
3729 9378
5859 3460
78 62
9304 3638
2345 7216
1692 2261
8830 309
4497 1000
3246 922
308 8187
2356 5675
269 8212
9915 2301
7204 5851
2703 937
903 8745
9314 1914
2090 6416
6768 1658
4958 7787
8644 3063
2469 55
8732 1180
5989 6419
9611 5181
3019 2292
2750 6402
3346 108
161 2616
9060 8044
8658 3588
6623 9383
7381 682
1356 8921
6698 6797
2508 8215
829 4328
6084 3769
1421 188
5099 3958

