297
999997 1
999997 2
999997 3
999997 4
999997 5
999997 6
999997 7
999997 8
999997 9
999997 1
999997 2
999997 3
999997 4
999997 5
999997 6
999997 7
999997 8
999997 9
999997 1
999997 2
999997 3
999997 4
999997 5
999997 6
999997 7
999997 8
999997 9
999997 1
999997 2
999997 3
999997 4
999997 5
999997 6
999997 7
999997 8
999997 9
999997 1
999997 2
999997 3
999997 4
999997 5
999997 6
999997 7
999997 8
999997 9
999997 1
999997 2
999997 3
999997 4
999997 5
999997 6
999997 7
999997 8
999997 9
999997 1
999997 2
999997 3
999997 4
999997 5
999997 6
999997 7
999997 8
999997 9
999997 1
999997 2
999997 3
999997 4
999997 5
999997 6
999997 7
999997 8
999997 9
999997 1
999997 2
999997 3
999997 4
999997 5
999997 6
999997 7
999997 8
999997 9
999997 1
999997 2
999997 3
999997 4
999997 5
999997 6
999997 7
999997 8
999997 9
999997 1
999997 2
999997 3
999997 4
999997 5
999997 6
999997 7
999997 8
999997 9
999997 1
999997 2
999997 3
999997 4
999997 5
999997 6
999997 7
999997 8
999997 9
999997 1
999997 2
999997 3
999997 4
999997 5
999997 6
999997 7
999997 8
999997 9
999997 1
999997 2
999997 3
999997 4
999997 5
999997 6
999997 7
999997 8
999997 9
999997 1
999997 2
999997 3
999997 4
999997 5
999997 6
999997 7
999997 8
999997 9
999997 1
999997 2
999997 3
999997 4
999997 5
999997 6
999997 7
999997 8
999997 9
999997 1
999997 2
999997 3
999997 4
999997 5
999997 6
999997 7
999997 8
999997 9
999997 1
999997 2
999997 3
999997 4
999997 5
999997 6
999997 7
999997 8
999997 9
999997 1
999997 2
999997 3
999997 4
999997 5
999997 6
999997 7
999997 8
999997 9
999997 1
999997 2
999997 3
999997 4
999997 5
999997 6
999997 7
999997 8
999997 9
999997 1
999997 2
999997 3
999997 4
999997 5
999997 6
999997 7
999997 8
999997 9
999997 1
999997 2
999997 3
999997 4
999997 5
999997 6
999997 7
999997 8
999997 9
999997 1
999997 2
999997 3
999997 4
999997 5
999997 6
999997 7
999997 8
999997 9
999997 1
999997 2
999997 3
999997 4
999997 5
999997 6
999997 7
999997 8
999997 9
999997 1
999997 2
999997 3
999997 4
999997 5
999997 6
999997 7
999997 8
999997 9
999997 1
999997 2
999997 3
999997 4
999997 5
999997 6
999997 7
999997 8
999997 9
999997 1
999997 2
999997 3
999997 4
999997 5
999997 6
999997 7
999997 8
999997 9
999997 1
999997 2
999997 3
999997 4
999997 5
999997 6
999997 7
999997 8
999997 9
999997 1
999997 2
999997 3
999997 4
999997 5
999997 6
999997 7
999997 8
999997 9
999997 1
999997 2
999997 3
999997 4
999997 5
999997 6
999997 7
999997 8
999997 9
999997 1
999997 2
999997 3
999997 4
999997 5
999997 6
999997 7
999997 8
999997 9
999997 1
999997 2
999997 3
999997 4
999997 5
999997 6
999997 7
999997 8
999997 9
999997 1
999997 2
999997 3
999997 4
999997 5
999997 6
999997 7
999997 8
999997 9
999997 1
999997 2
999997 3
